[gd_scene load_steps=14 format=3 uid="uid://chwsb15x7es45"]

[ext_resource type="Script" path="res://Player/PlayerGameplay.gd" id="1_6o7w8"]
[ext_resource type="Skin" uid="uid://crjm41kmo0j3t" path="res://Player/Mesh/skin.tres" id="2_1jcqs"]
[ext_resource type="Script" path="res://Player/Camera.gd" id="2_3h36s"]
[ext_resource type="ArrayMesh" uid="uid://8joppvsyy8xg" path="res://Player/Mesh/Alpha_SurfaceMesh.tres" id="2_t0i3i"]
[ext_resource type="ArrayMesh" uid="uid://c4kd7bpdwntqf" path="res://Player/Mesh/Alpha_JointsMesh.tres" id="3_fr0wl"]
[ext_resource type="Texture2D" uid="uid://dpkisrpco54qj" path="res://Player/UI/Debug/circle.png" id="19_g4reo"]
[ext_resource type="Script" path="res://Player/Status.gd" id="19_pphtx"]
[ext_resource type="Texture2D" uid="uid://ijv6wr22hov8" path="res://Player/UI/Debug/direction.png" id="20_axcda"]
[ext_resource type="Texture2D" uid="uid://ck5riwbh478s4" path="res://Player/UI/Debug/velocity.png" id="21_yofel"]
[ext_resource type="Script" path="res://Player/AnimationTree.gd" id="22_wjarj"]
[ext_resource type="Script" path="res://Player/Interaction.gd" id="24_2q227"]

[sub_resource type="CapsuleShape3D" id="CapsuleShape3D_c35sx"]
radius = 0.375
height = 2.0

[sub_resource type="AnimationNodeBlendTree" id="AnimationNodeBlendTree_0lbxf"]
graph_offset = Vector2(968.674, 197.529)
nodes/output/position = Vector2(880, 160)

[node name="Player" type="CharacterBody3D"]
transform = Transform3D(0.987165, 0, 0, 0, 0.987165, 0, 0, 0, 0.987165, 0, 0, 0)
script = ExtResource( "1_6o7w8" )
DesiredRotationMode = 1
DesiredGait = 0
DesiredStance = 0
OnePressJump = true
UsingCrouchToggle = true

[node name="CollisionShape3D" type="CollisionShape3D" parent="."]
transform = Transform3D(1, 0, 0, 0, 1, 0, 0, 0, 1, 0, 1.00202, 0)
shape = SubResource( "CapsuleShape3D_c35sx" )
script = null

[node name="HeadBonker" type="RayCast3D" parent="CollisionShape3D"]
transform = Transform3D(1, 0, 0, 0, 1, 0, 0, 0, 1, 0, 1, 0)
target_position = Vector3(0, 0.1, 0)
script = null

[node name="Armature" type="Node3D" parent="."]
transform = Transform3D(-1, 0, -8.74228e-08, 0, 1.05512, 0, 8.74228e-08, 0, -1, 0, -0.0552363, 0)
script = null

[node name="Skeleton3D" type="Skeleton3D" parent="Armature"]
show_rest_only = true
bones/0/name = "Hips"
bones/0/parent = -1
bones/0/rest = Transform3D(0.999429, -0.00369013, 0.0335912, 0.00482731, 0.999416, -0.0338355, -0.0334468, 0.0339783, 0.998863, 8.60314e-07, 0.996613, 0.0024818)
bones/0/enabled = true
bones/0/position = Vector3(-0.000174024, 0.0157635, 0.00949018)
bones/0/rotation = Quaternion(-0.12396, -0.672024, 0.727469, 0.0616893)
bones/0/scale = Vector3(1, 1, 1)
bones/1/name = "Spine"
bones/1/parent = 0
bones/1/rest = Transform3D(0.999723, 0.00567489, -0.0228251, -0.00809521, 0.994184, -0.107385, 0.022083, 0.10754, 0.993955, 6.11398e-09, 0.0992345, -0.0122733)
bones/1/enabled = true
bones/1/position = Vector3(6.11398e-09, 0.0992345, -0.0122733)
bones/1/rotation = Quaternion(0.053813, -0.0112441, -0.00344776, 0.998482)
bones/1/scale = Vector3(1, 0.999999, 1)
bones/2/name = "Spine1"
bones/2/parent = 1
bones/2/rest = Transform3D(0.998877, -0.0214879, -0.0422151, 0.019647, 0.998858, -0.0435486, 0.0431027, 0.0426703, 0.998159, -1.38912e-06, 0.116454, -0.0142234)
bones/2/enabled = true
bones/2/position = Vector3(-1.38912e-06, 0.116454, -0.0142234)
bones/2/rotation = Quaternion(0.0215658, -0.0213404, 0.010289, 0.999487)
bones/2/scale = Vector3(1, 1, 1)
bones/3/name = "Spine2"
bones/3/parent = 2
bones/3/rest = Transform3D(0.998867, -0.0234009, -0.0414442, 0.0216125, 0.998838, -0.0430853, 0.0424042, 0.0421408, 0.998211, 9.14407e-07, 0.133602, -0.0162646)
bones/3/enabled = true
bones/3/position = Vector3(9.14407e-07, 0.133602, -0.0162646)
bones/3/rotation = Quaternion(0.0213174, -0.0209728, 0.0112591, 0.999489)
bones/3/scale = Vector3(1, 1, 1)
bones/4/name = "Neck"
bones/4/parent = 3
bones/4/rest = Transform3D(0.999301, 0.00414202, 0.0371524, -0.00445389, 0.999956, 0.00831555, -0.0371163, -0.00847521, 0.999275, 2.53883e-07, 0.150325, 0.00792903)
bones/4/enabled = true
bones/4/position = Vector3(2.53883e-07, 0.150325, 0.00792903)
bones/4/rotation = Quaternion(-0.00419846, 0.0185706, -0.00214937, 0.999816)
bones/4/scale = Vector3(1, 1, 1)
bones/5/name = "Head"
bones/5/parent = 4
bones/5/rest = Transform3D(0.99634, 0.0326465, 0.0789987, -0.037096, 0.997768, 0.0555274, -0.0770096, -0.0582547, 0.995327, 2.74328e-08, 0.103218, 0.0314243)
bones/5/enabled = true
bones/5/position = Vector3(2.74328e-08, 0.103218, 0.0314243)
bones/5/rotation = Quaternion(-0.0284832, 0.0390537, -0.0174587, 0.998679)
bones/5/scale = Vector3(1, 1, 1)
bones/6/name = "HeadTop_End"
bones/6/parent = 5
bones/6/rest = Transform3D(1, -2.06795e-24, -6.98492e-10, -4.13593e-25, 1, -3.55272e-15, 6.98492e-10, 3.55272e-15, 1, 1.54312e-06, 0.184747, 0.066364)
bones/6/enabled = true
bones/6/position = Vector3(1.54312e-06, 0.184747, 0.066364)
bones/6/rotation = Quaternion(1.77636e-15, -3.49246e-10, 4.1359e-25, 1)
bones/6/scale = Vector3(1, 1, 1)
bones/7/name = "LeftEye"
bones/7/parent = 5
bones/7/rest = Transform3D(1, 2.07443e-17, 1.22236e-09, 5.01819e-17, 1, -5.8024e-08, -1.22236e-09, 5.8024e-08, 1, 0.0294792, 0.0768176, 0.0912073)
bones/7/enabled = true
bones/7/position = Vector3(0.0294792, 0.0768176, 0.0912073)
bones/7/rotation = Quaternion(2.9012e-08, 6.1118e-10, 7.35938e-18, 1)
bones/7/scale = Vector3(1, 1, 1)
bones/8/name = "RightEye"
bones/8/parent = 5
bones/8/rest = Transform3D(1, 2.07443e-17, 1.22236e-09, 5.01819e-17, 1, -5.8024e-08, -1.22236e-09, 5.8024e-08, 1, -0.0294448, 0.0768175, 0.0912049)
bones/8/enabled = true
bones/8/position = Vector3(-0.0294448, 0.0768175, 0.0912049)
bones/8/rotation = Quaternion(2.9012e-08, 6.1118e-10, 7.35938e-18, 1)
bones/8/scale = Vector3(1, 1, 1)
bones/9/name = "LeftShoulder"
bones/9/parent = 3
bones/9/rest = Transform3D(0.956289, 0.24519, -0.159351, -0.249308, 0.968405, -0.00607134, 0.152828, 0.0455336, 0.987203, 0.0610582, 0.091104, 0.00705548)
bones/9/enabled = true
bones/9/position = Vector3(0.0610582, 0.091104, 0.00705548)
bones/9/rotation = Quaternion(0.0130457, -0.0789188, -0.125009, 0.988926)
bones/9/scale = Vector3(1, 1, 1)
bones/10/name = "LeftArm"
bones/10/parent = 9
bones/10/rest = Transform3D(0.488414, 0.768271, -0.413778, -0.868258, 0.475176, -0.142603, 0.0870598, 0.428915, 0.89914, 0.12655, -0.00265921, -0.0260093)
bones/10/enabled = true
bones/10/position = Vector3(0.12655, -0.00265921, -0.0260093)
bones/10/rotation = Quaternion(0.168892, -0.148005, -0.483619, 0.84598)
bones/10/scale = Vector3(1, 1, 1)
bones/11/name = "LeftForeArm"
bones/11/parent = 10
bones/11/rest = Transform3D(0.981422, -1.18477e-07, -0.19186, 1.05073e-07, 1, -8.00357e-08, 0.19186, 5.83896e-08, 0.981422, 0.274047, 3.50824e-07, 3.85561e-08)
bones/11/enabled = true
bones/11/position = Vector3(0.274047, 3.50824e-07, 3.85561e-08)
bones/11/rotation = Quaternion(3.47682e-08, -0.0963787, 5.61488e-08, 0.995345)
bones/11/scale = Vector3(1, 1, 1)
bones/12/name = "LeftHand"
bones/12/parent = 11
bones/12/rest = Transform3D(0.981048, 0.183502, 0.0622022, -0.180068, 0.982003, -0.0569646, -0.0715358, 0.0446844, 0.996437, 0.276145, 2.01823e-07, 2.13892e-07)
bones/12/enabled = true
bones/12/position = Vector3(0.276145, 2.01823e-07, 2.13892e-07)
bones/12/rotation = Quaternion(0.0255419, 0.0336051, -0.0913562, 0.994923)
bones/12/scale = Vector3(0.999999, 1, 1)
bones/13/name = "LeftHandMiddle1"
bones/13/parent = 12
bones/13/rest = Transform3D(0.891022, 0.447173, 0.0782046, -0.448004, 0.894, -0.00756196, -0.0732964, -0.0282981, 0.996909, 0.127755, 2.46914e-07, 2.04652e-07)
bones/13/enabled = true
bones/13/position = Vector3(0.127755, 2.46914e-07, 2.04652e-07)
bones/13/rotation = Quaternion(-0.0053314, 0.0389519, -0.230156, 0.972359)
bones/13/scale = Vector3(1, 1, 1)
bones/14/name = "LeftHandMiddle2"
bones/14/parent = 13
bones/14/rest = Transform3D(0.978288, 0.206168, 0.021117, -0.206168, 0.978514, -0.0022008, -0.021117, -0.00220063, 0.999775, 0.0361397, -4.39579e-09, 2.23516e-08)
bones/14/enabled = true
bones/14/position = Vector3(0.0361397, -4.39579e-09, 2.23516e-08)
bones/14/rotation = Quaternion(4.24315e-08, 0.0106163, -0.103648, 0.994557)
bones/14/scale = Vector3(0.999999, 1, 1)
bones/15/name = "LeftHandMiddle3"
bones/15/parent = 14
bones/15/rest = Transform3D(0.97046, 0.240006, 0.0245824, -0.240006, 0.970767, -0.00299421, -0.0245824, -0.00299416, 0.999693, 0.0345977, 2.54065e-08, -2.64496e-07)
bones/15/enabled = true
bones/15/position = Vector3(0.0345977, 2.54065e-08, -2.64496e-07)
bones/15/rotation = Quaternion(1.33118e-08, 0.012383, -0.120899, 0.992588)
bones/15/scale = Vector3(1, 1, 1)
bones/16/name = "LeftHandMiddle4"
bones/16/parent = 15
bones/16/rest = Transform3D(1, -8.9407e-08, 8.19564e-08, 8.9407e-08, 1, 3.7253e-08, -8.19564e-08, -3.7253e-08, 1, 0.0368019, 1.14814e-07, 3.27826e-07)
bones/16/enabled = true
bones/16/position = Vector3(0.0368019, 1.14814e-07, 3.27826e-07)
bones/16/rotation = Quaternion(-1.86265e-08, 4.09782e-08, 4.47035e-08, 1)
bones/16/scale = Vector3(1, 1, 1)
bones/17/name = "LeftHandThumb1"
bones/17/parent = 12
bones/17/rest = Transform3D(0.980211, -0.18785, 0.0624305, 0.19305, 0.976906, -0.09158, -0.0437854, 0.10182, 0.993839, 0.0378883, -0.0216697, 0.0300309)
bones/17/enabled = true
bones/17/position = Vector3(0.0378883, -0.0216697, 0.0300309)
bones/17/rotation = Quaternion(0.0486492, 0.0267183, 0.0958143, 0.993851)
bones/17/scale = Vector3(1, 1, 1)
bones/18/name = "LeftHandThumb2"
bones/18/parent = 17
bones/18/rest = Transform3D(0.983252, -0.109727, 0.145517, 0.126509, 0.985671, -0.111573, -0.131189, 0.128113, 0.983044, 0.0367545, -0.0212202, 0.0212201)
bones/18/enabled = true
bones/18/position = Vector3(0.0367545, -0.0212202, 0.0212201)
bones/18/rotation = Quaternion(0.0602845, 0.0695956, 0.0594168, 0.993978)
bones/18/scale = Vector3(1, 1, 1)
bones/19/name = "LeftHandThumb3"
bones/19/parent = 18
bones/19/rest = Transform3D(0.923686, -0.361327, -0.127464, 0.359907, 0.932338, -0.0348203, 0.131421, -0.0137121, 0.991232, 0.0339435, -0.0195974, 0.019598)
bones/19/enabled = true
bones/19/position = Vector3(0.0339435, -0.0195974, 0.019598)
bones/19/rotation = Quaternion(0.00538078, -0.0659935, 0.183853, 0.980721)
bones/19/scale = Vector3(1, 1, 1)
bones/20/name = "LeftHandThumb4"
bones/20/parent = 19
bones/20/rest = Transform3D(1, -2.98024e-08, -1.86265e-07, 2.98024e-08, 1, -3.06494e-08, 1.86265e-07, 3.06494e-08, 1, 0.026794, -0.0154692, 0.0154692)
bones/20/enabled = true
bones/20/position = Vector3(0.026794, -0.0154692, 0.0154692)
bones/20/rotation = Quaternion(1.53247e-08, -9.31325e-08, 1.49012e-08, 1)
bones/20/scale = Vector3(1, 1, 1)
bones/21/name = "LeftHandIndex1"
bones/21/parent = 12
bones/21/rest = Transform3D(0.950143, 0.303273, -0.0724768, -0.30115, 0.952784, 0.0388788, 0.0808456, -0.0151141, 0.996612, 0.122666, -0.0023166, 0.0282206)
bones/21/enabled = true
bones/21/position = Vector3(0.122666, -0.0023166, 0.0282206)
bones/21/rotation = Quaternion(-0.013671, -0.0388212, -0.15304, 0.987363)
bones/21/scale = Vector3(1, 1, 1)
bones/22/name = "LeftHandIndex2"
bones/22/parent = 21
bones/22/rest = Transform3D(0.965131, 0.260404, 0.026672, -0.260404, 0.965493, -0.00353425, -0.026672, -0.00353449, 0.999638, 0.0389196, 2.64479e-08, 3.74231e-07)
bones/22/enabled = true
bones/22/position = Vector3(0.0389196, 2.64479e-08, 3.74231e-07)
bones/22/rotation = Quaternion(-6.22451e-08, 0.0134538, -0.131352, 0.991244)
bones/22/scale = Vector3(1, 1, 1)
bones/23/name = "LeftHandIndex3"
bones/23/parent = 22
bones/23/rest = Transform3D(0.965131, 0.260404, 0.0266716, -0.260404, 0.965493, -0.00353437, -0.0266716, -0.00353426, 0.999638, 0.0341516, -2.30189e-09, -7.26438e-08)
bones/23/enabled = true
bones/23/position = Vector3(0.0341516, -2.30189e-09, -7.26438e-08)
bones/23/rotation = Quaternion(2.87737e-08, 0.0134536, -0.131352, 0.991244)
bones/23/scale = Vector3(1, 1, 1)
bones/24/name = "LeftHandIndex4"
bones/24/parent = 23
bones/24/rest = Transform3D(1, -2.98022e-08, -2.04892e-08, 2.98022e-08, 1, -7.45058e-09, 2.04892e-08, 7.45058e-09, 1, 0.0307798, -3.21042e-08, -8.75443e-08)
bones/24/enabled = true
bones/24/position = Vector3(0.0307798, -3.21042e-08, -8.75443e-08)
bones/24/rotation = Quaternion(3.72529e-09, -1.02446e-08, 1.49011e-08, 1)
bones/24/scale = Vector3(1, 1, 1)
bones/25/name = "LeftHandRing1"
bones/25/parent = 12
bones/25/rest = Transform3D(0.881184, 0.457724, 0.11834, -0.457783, 0.888614, -0.0283001, -0.118112, -0.0292363, 0.99257, 0.12147, 9.9069e-05, -0.0221663)
bones/25/enabled = true
bones/25/position = Vector3(0.12147, 9.9069e-05, -0.0221663)
bones/25/rotation = Quaternion(-0.000241328, 0.0609511, -0.235994, 0.969841)
bones/25/scale = Vector3(1, 1, 1)
bones/26/name = "LeftHandRing2"
bones/26/parent = 25
bones/26/rest = Transform3D(0.943104, 0.330768, 0.033879, -0.330768, 0.943694, -0.00576722, -0.033879, -0.00576701, 0.999409, 0.0360119, -5.12372e-08, 3.24777e-07)
bones/26/enabled = true
bones/26/position = Vector3(0.0360119, -5.12372e-08, 3.24777e-07)
bones/26/rotation = Quaternion(5.39751e-08, 0.0171857, -0.167788, 0.985673)
bones/26/scale = Vector3(1, 1, 1)
bones/27/name = "LeftHandRing3"
bones/27/parent = 26
bones/27/rest = Transform3D(0.930947, 0.363254, 0.0372058, -0.363254, 0.931664, -0.00699916, -0.0372058, -0.0069993, 0.999283, 0.0330731, 3.52243e-08, -2.18864e-07)
bones/27/enabled = true
bones/27/position = Vector3(0.0330731, 3.52243e-08, -2.18864e-07)
bones/27/rotation = Quaternion(-3.43588e-08, 0.0189326, -0.184846, 0.982585)
bones/27/scale = Vector3(1, 1, 1)
bones/28/name = "LeftHandRing4"
bones/28/parent = 27
bones/28/rest = Transform3D(1, -1.49012e-08, 7.45058e-09, 1.49012e-08, 1, -1.49009e-08, -7.45058e-09, 1.49009e-08, 1, 0.0366012, -8.22172e-08, -3.12509e-08)
bones/28/enabled = true
bones/28/position = Vector3(0.0366012, -8.22172e-08, -3.12509e-08)
bones/28/rotation = Quaternion(7.45045e-09, 3.72529e-09, 7.4506e-09, 1)
bones/28/scale = Vector3(1, 1, 1)
bones/29/name = "LeftHandPinky1"
bones/29/parent = 12
bones/29/rest = Transform3D(0.818999, 0.553536, 0.151126, -0.553225, 0.831647, -0.0480156, -0.152262, -0.044282, 0.987348, 0.109082, -0.00226368, -0.0472582)
bones/29/enabled = true
bones/29/position = Vector3(0.109082, -0.00226368, -0.0472582)
bones/29/rotation = Quaternion(0.000978727, 0.0795312, -0.29013, 0.953676)
bones/29/scale = Vector3(1, 1, 1)
bones/30/name = "LeftHandPinky2"
bones/30/parent = 29
bones/30/rest = Transform3D(0.952189, 0.303921, 0.0311287, -0.303921, 0.952685, -0.00484625, -0.0311287, -0.00484611, 0.999504, 0.0413666, -4.5599e-08, 2.37348e-07)
bones/30/enabled = true
bones/30/position = Vector3(0.0413666, -4.5599e-08, 2.37348e-07)
bones/30/rotation = Quaternion(3.66458e-08, 0.0157538, -0.15381, 0.987975)
bones/30/scale = Vector3(1, 1, 1)
bones/31/name = "LeftHandPinky3"
bones/31/parent = 30
bones/31/rest = Transform3D(0.952189, 0.303921, 0.0311291, -0.303921, 0.952685, -0.00484625, -0.0311291, -0.00484623, 0.999503, 0.0259483, -8.68004e-09, -3.51621e-07)
bones/31/enabled = true
bones/31/position = Vector3(0.0259483, -8.68004e-09, -3.51621e-07)
bones/31/rotation = Quaternion(7.89476e-09, 0.015754, -0.15381, 0.987975)
bones/31/scale = Vector3(1, 1, 0.999999)
bones/32/name = "LeftHandPinky4"
bones/32/parent = 31
bones/32/rest = Transform3D(1, 2.98022e-08, -3.72528e-08, -2.98022e-08, 1, 5.55107e-16, 3.72528e-08, 5.55109e-16, 1, 0.0292387, -9.46456e-08, 2.16196e-07)
bones/32/enabled = true
bones/32/position = Vector3(0.0292387, -9.46456e-08, 2.16196e-07)
bones/32/rotation = Quaternion(4.76456e-22, -1.86264e-08, -1.49011e-08, 1)
bones/32/scale = Vector3(1, 1, 1)
bones/33/name = "RightShoulder"
bones/33/parent = 3
bones/33/rest = Transform3D(0.960104, -0.270185, 0.0721105, 0.271547, 0.962377, -0.00961702, -0.0667991, 0.0288147, 0.99735, -0.061057, 0.0911051, 0.00705561)
bones/33/enabled = true
bones/33/position = Vector3(-0.061057, 0.0911051, 0.00705561)
bones/33/rotation = Quaternion(0.00970569, 0.0350807, 0.136811, 0.989928)
bones/33/scale = Vector3(1, 1, 1)
bones/34/name = "RightArm"
bones/34/parent = 33
bones/34/rest = Transform3D(0.571667, -0.668125, 0.476241, 0.773019, 0.633142, -0.0396668, -0.275026, 0.39082, 0.878419, -0.12655, -0.00266028, -0.026009)
bones/34/enabled = true
bones/34/position = Vector3(-0.12655, -0.00266028, -0.026009)
bones/34/rotation = Quaternion(0.122582, 0.213925, 0.410369, 0.877956)
bones/34/scale = Vector3(1, 1, 1)
bones/35/name = "RightForeArm"
bones/35/parent = 34
bones/35/rest = Transform3D(0.919144, -2.75476e-07, 0.393922, 2.90701e-07, 1, 2.1019e-08, -0.393922, 9.51938e-08, 0.919144, -0.274047, 3.50824e-07, 5.34572e-08)
bones/35/enabled = true
bones/35/position = Vector3(-0.274047, 3.50824e-07, 5.34572e-08)
bones/35/rotation = Quaternion(1.89303e-08, 0.201067, 1.44495e-07, 0.979577)
bones/35/scale = Vector3(1, 1, 1)
bones/36/name = "RightHand"
bones/36/parent = 35
bones/36/rest = Transform3D(0.994562, -0.102849, 0.0163657, 0.102444, 0.994451, 0.023908, -0.0187338, -0.0221015, 0.99958, -0.276145, 1.12416e-07, 1.8409e-07)
bones/36/enabled = true
bones/36/position = Vector3(-0.276145, 1.12416e-07, 1.8409e-07)
bones/36/rotation = Quaternion(-0.0115188, 0.00878741, 0.0513966, 0.998573)
bones/36/scale = Vector3(1, 1, 1)
bones/37/name = "RightHandMiddle1"
bones/37/parent = 36
bones/37/rest = Transform3D(0.925749, -0.378095, -0.00569717, 0.378132, 0.925547, 0.0194499, -0.00208089, -0.02016, 0.999795, -0.127755, 5.31989e-08, 1.78575e-07)
bones/37/enabled = true
bones/37/position = Vector3(-0.127755, 5.31989e-08, 1.78575e-07)
bones/37/rotation = Quaternion(-0.0100921, -0.000921381, 0.192677, 0.98121)
bones/37/scale = Vector3(1, 1, 1)
bones/38/name = "RightHandMiddle2"
bones/38/parent = 37
bones/38/rest = Transform3D(0.815133, -0.577363, -0.0470034, 0.577363, 0.816351, -0.0149511, 0.0470035, -0.0149509, 0.998783, -0.0361397, 5.52089e-08, 4.47036e-08)
bones/38/enabled = true
bones/38/position = Vector3(-0.0361397, 5.52089e-08, 4.47036e-08)
bones/38/rotation = Quaternion(5.27904e-08, -0.0246695, 0.303026, 0.952663)
bones/38/scale = Vector3(1, 1, 1)
bones/39/name = "RightHandMiddle3"
bones/39/parent = 38
bones/39/rest = Transform3D(0.936168, -0.350393, -0.0285256, 0.350393, 0.936589, -0.00516236, 0.0285256, -0.00516232, 0.99958, -0.0345976, -4.39578e-09, -2.6077e-07)
bones/39/enabled = true
bones/39/position = Vector3(-0.0345976, -4.39578e-09, -2.6077e-07)
bones/39/rotation = Quaternion(1.12403e-08, -0.014496, 0.178061, 0.983913)
bones/39/scale = Vector3(1, 1, 1)
bones/40/name = "RightHandMiddle4"
bones/40/parent = 39
bones/40/rest = Transform3D(1, 3.33062e-16, -2.98022e-08, 3.33064e-16, 1, 2.23516e-08, 2.98022e-08, -2.23516e-08, 1, -0.0368019, -4.39576e-09, 3.241e-07)
bones/40/enabled = true
bones/40/position = Vector3(-0.0368019, -4.39576e-09, 3.241e-07)
bones/40/rotation = Quaternion(-1.11758e-08, -1.49011e-08, 4.89691e-22, 1)
bones/40/scale = Vector3(1, 1, 1)
bones/41/name = "RightHandThumb1"
bones/41/parent = 36
bones/41/rest = Transform3D(0.996327, 0.0665093, -0.0539388, -0.0767456, 0.972948, -0.217906, 0.0379868, 0.221245, 0.974478, -0.0378883, -0.0216697, 0.0300309)
bones/41/enabled = true
bones/41/position = Vector3(-0.0378883, -0.0216697, 0.0300309)
bones/41/rotation = Quaternion(0.110568, -0.0231447, -0.0360682, 0.992944)
bones/41/scale = Vector3(1, 1, 1)
bones/42/name = "RightHandThumb2"
bones/42/parent = 41
bones/42/rest = Transform3D(0.936031, 0.13294, -0.325842, -0.167976, 0.982397, -0.0817276, 0.309242, 0.131233, 0.941885, -0.0367545, -0.0212203, 0.0212201)
bones/42/enabled = true
bones/42/position = Vector3(-0.0367545, -0.0212203, 0.0212201)
bones/42/rotation = Quaternion(0.0541949, -0.161618, -0.0765781, 0.982384)
bones/42/scale = Vector3(1, 1, 1)
bones/43/name = "RightHandThumb3"
bones/43/parent = 42
bones/43/rest = Transform3D(0.977315, 0.210019, -0.0273527, -0.194385, 0.940753, 0.277845, 0.0840847, -0.266225, 0.960236, -0.0339436, -0.0195974, 0.0195979)
bones/43/enabled = true
bones/43/position = Vector3(-0.0339436, -0.0195974, 0.0195979)
bones/43/rotation = Quaternion(-0.138135, -0.0282931, -0.102675, 0.984671)
bones/43/scale = Vector3(1, 1, 1)
bones/44/name = "RightHandThumb4"
bones/44/parent = 43
bones/44/rest = Transform3D(1, -4.16792e-16, -4.65662e-09, 7.86804e-16, 1, 7.94592e-08, 4.65662e-09, -7.94592e-08, 1, -0.026794, -0.0154695, 0.0154692)
bones/44/enabled = true
bones/44/position = Vector3(-0.026794, -0.0154695, 0.0154692)
bones/44/rotation = Quaternion(-3.97296e-08, -2.32831e-09, 3.00899e-16, 1)
bones/44/scale = Vector3(1, 1, 1)
bones/45/name = "RightHandIndex1"
bones/45/parent = 36
bones/45/rest = Transform3D(0.932592, -0.35412, 0.0697929, 0.351653, 0.935032, 0.0453385, -0.0813139, -0.0177395, 0.99653, -0.122666, -0.00231672, 0.0282206)
bones/45/enabled = true
bones/45/position = Vector3(-0.122666, -0.00231672, 0.0282206)
bones/45/rotation = Quaternion(-0.0160443, 0.038435, 0.179518, 0.982873)
bones/45/scale = Vector3(1, 1, 0.999999)
bones/46/name = "RightHandIndex2"
bones/46/parent = 45
bones/46/rest = Transform3D(0.914871, -0.402414, -0.0327607, 0.402414, 0.915432, -0.00688468, 0.0327607, -0.0068848, 0.99944, -0.0389197, -3.31567e-08, 4.04034e-07)
bones/46/enabled = true
bones/46/position = Vector3(-0.0389197, -3.31567e-08, 4.04034e-07)
bones/46/rotation = Quaternion(-3.08145e-08, -0.0167405, 0.205631, 0.978486)
bones/46/scale = Vector3(1, 1, 1)
bones/47/name = "RightHandIndex3"
bones/47/parent = 46
bones/47/rest = Transform3D(0.983209, -0.181873, -0.0148066, 0.181873, 0.983321, -0.00135805, 0.0148066, -0.00135767, 0.999889, -0.0341514, 1.25993e-08, -8.56823e-08)
bones/47/enabled = true
bones/47/position = Vector3(-0.0341514, 1.25993e-08, -8.56823e-08)
bones/47/rotation = Quaternion(9.43148e-08, -0.00743457, 0.0913207, 0.995794)
bones/47/scale = Vector3(0.999999, 1, 1)
bones/48/name = "RightHandIndex4"
bones/48/parent = 47
bones/48/rest = Transform3D(1, 2.98022e-08, -1.49012e-08, -2.98022e-08, 1, 7.45058e-09, 1.49012e-08, -7.45058e-09, 1, -0.03078, 1.25993e-08, -8.75443e-08)
bones/48/enabled = true
bones/48/position = Vector3(-0.03078, 1.25993e-08, -8.75443e-08)
bones/48/rotation = Quaternion(-3.72529e-09, -7.4506e-09, -1.49011e-08, 1)
bones/48/scale = Vector3(1, 1, 1)
bones/49/name = "RightHandRing1"
bones/49/parent = 36
bones/49/rest = Transform3D(0.910086, -0.411959, -0.0450863, 0.412567, 0.910915, 0.00469453, 0.0391359, -0.0228736, 0.998972, -0.12147, 9.90541e-05, -0.0221663)
bones/49/enabled = true
bones/49/position = Vector3(-0.12147, 9.90541e-05, -0.0221663)
bones/49/rotation = Quaternion(-0.00705256, -0.021546, 0.210933, 0.977238)
bones/49/scale = Vector3(1, 1, 1)
bones/50/name = "RightHandRing2"
bones/50/parent = 49
bones/50/rest = Transform3D(0.675824, -0.734633, -0.0598065, 0.734633, 0.677958, -0.0262177, 0.0598067, -0.0262173, 0.997865, -0.0360119, -6.53362e-09, 3.39678e-07)
bones/50/enabled = true
bones/50/position = Vector3(-0.0360119, -6.53362e-09, 3.39678e-07)
bones/50/rotation = Quaternion(1.1039e-07, -0.0326678, 0.401274, 0.915375)
bones/50/scale = Vector3(1, 1, 0.999999)
bones/51/name = "RightHandRing3"
bones/51/parent = 50
bones/51/rest = Transform3D(0.919368, -0.392101, -0.0319208, 0.392101, 0.919899, -0.00652096, 0.0319208, -0.00652101, 0.999469, -0.0330731, -8.39849e-08, -2.11413e-07)
bones/51/enabled = true
bones/51/position = Vector3(-0.0330731, -8.39849e-08, -2.11413e-07)
bones/51/rotation = Quaternion(-1.28342e-08, -0.0162922, 0.200126, 0.979635)
bones/51/scale = Vector3(1, 1, 1)
bones/52/name = "RightHandRing4"
bones/52/parent = 51
bones/52/rest = Transform3D(1, -7.45058e-09, 1.11759e-08, 7.45058e-09, 1, 7.45054e-09, -1.11759e-08, -7.45054e-09, 1, -0.0366012, -8.22171e-08, 6.00241e-09)
bones/52/enabled = true
bones/52/position = Vector3(-0.0366012, -8.22171e-08, 6.00241e-09)
bones/52/rotation = Quaternion(-3.72527e-09, 5.58795e-09, 3.72529e-09, 1)
bones/52/scale = Vector3(1, 1, 1)
bones/53/name = "RightHandPinky1"
bones/53/parent = 36
bones/53/rest = Transform3D(0.8703, -0.488856, -0.0599794, 0.489977, 0.871723, 0.00465447, 0.0500101, -0.0334393, 0.998189, -0.109082, -0.00226368, -0.0472582)
bones/53/enabled = true
bones/53/position = Vector3(-0.109082, -0.00226368, -0.0472582)
bones/53/rotation = Quaternion(-0.00984863, -0.0284363, 0.253064, 0.966981)
bones/53/scale = Vector3(1, 1, 1)
bones/54/name = "RightHandPinky2"
bones/54/parent = 53
bones/54/rest = Transform3D(0.877214, -0.478516, -0.0389563, 0.478516, 0.878022, -0.00993054, 0.0389564, -0.00993002, 0.999192, -0.0413665, -2.32472e-08, 2.59698e-07)
bones/54/enabled = true
bones/54/position = Vector3(-0.0413665, -2.32472e-08, 2.59698e-07)
bones/54/rotation = Quaternion(1.3314e-07, -0.0201051, 0.246959, 0.968817)
bones/54/scale = Vector3(1, 1, 1)
bones/55/name = "RightHandPinky3"
bones/55/parent = 54
bones/55/rest = Transform3D(0.961598, -0.273555, -0.0222703, 0.273555, 0.961851, -0.00310565, 0.0222703, -0.00310576, 0.999747, -0.0259483, 2.11223e-08, -3.73974e-07)
bones/55/enabled = true
bones/55/position = Vector3(-0.0259483, 2.11223e-08, -3.73974e-07)
bones/55/rotation = Quaternion(-2.69188e-08, -0.0112436, 0.13811, 0.990353)
bones/55/scale = Vector3(1, 1, 1)
bones/56/name = "RightHandPinky4"
bones/56/parent = 55
bones/56/rest = Transform3D(1, 1.49012e-08, -2.98022e-08, -1.49012e-08, 1, 7.45106e-09, 2.98022e-08, -7.45106e-09, 1, -0.0292386, 1.13971e-07, 1.78941e-07)
bones/56/enabled = true
bones/56/position = Vector3(-0.0292386, 1.13971e-07, 1.78941e-07)
bones/56/rotation = Quaternion(-3.72553e-09, -1.49011e-08, -7.4506e-09, 1)
bones/56/scale = Vector3(1, 1, 1)
bones/57/name = "RightUpLeg"
bones/57/parent = 0
bones/57/rest = Transform3D(0.991613, -0.0224241, -0.127277, 0.0501003, 0.974519, 0.218638, 0.119131, -0.223181, 0.96747, -0.0912445, -0.0665639, -0.000553783)
bones/57/enabled = true
bones/57/position = Vector3(-0.0912445, -0.0665639, -0.000553783)
bones/57/rotation = Quaternion(-0.111383, -0.0621197, 0.0182835, 0.991666)
bones/57/scale = Vector3(0.999999, 1, 1)
bones/58/name = "RightLeg"
bones/58/parent = 57
bones/58/rest = Transform3D(0.996809, 0.0622373, 0.0499792, -0.0429053, 0.945766, -0.322003, -0.0673093, 0.318831, 0.945418, -0.0024468, -0.405954, -0.00514529)
bones/58/enabled = true
bones/58/position = Vector3(-0.0024468, -0.405954, -0.00514529)
bones/58/rotation = Quaternion(0.1625, 0.0297415, -0.0266616, 0.9859)
bones/58/scale = Vector3(1, 1, 1)
bones/59/name = "RightFoot"
bones/59/parent = 58
bones/59/rest = Transform3D(0.999992, -0.00390479, -0.000119777, 0.0038764, 0.987982, 0.154519, -0.000485027, -0.154518, 0.98799, 0.00244668, -0.420479, -0.0206023)
bones/59/enabled = true
bones/59/position = Vector3(0.00244668, -0.420479, -0.0206023)
bones/59/rotation = Quaternion(-0.0774924, 9.1588e-05, 0.00195117, 0.996991)
bones/59/scale = Vector3(1, 1, 1)
bones/60/name = "RightToeBase"
bones/60/parent = 59
bones/60/rest = Transform3D(1, 1.43757e-09, 1.4426e-08, -2.68239e-09, 0.996238, 0.086665, -1.42471e-08, -0.086665, 0.996238, -0.00373359, -0.104922, 0.126407)
bones/60/enabled = true
bones/60/position = Vector3(-0.00373359, -0.104922, 0.126407)
bones/60/rotation = Quaternion(-0.0433733, 7.17502e-09, -1.03096e-09, 0.999059)
bones/60/scale = Vector3(1, 1, 1)
bones/61/name = "RightToe_End"
bones/61/parent = 60
bones/61/rest = Transform3D(1, 3.43902e-11, -3.98046e-10, -3.43902e-11, 1, 2.16234e-07, 3.98046e-10, -2.16234e-07, 1, 7.45058e-09, 2.95467e-08, 0.0999252)
bones/61/enabled = true
bones/61/position = Vector3(7.45058e-09, 2.95467e-08, 0.0999252)
bones/61/rotation = Quaternion(-1.08117e-07, -1.99023e-10, -1.71951e-11, 1)
bones/61/scale = Vector3(1, 1, 1)
bones/62/name = "LeftUpLeg"
bones/62/parent = 0
bones/62/rest = Transform3D(0.983753, -0.0830063, 0.159185, -0.00662497, 0.869303, 0.494235, -0.179405, -0.48726, 0.85463, 0.0912445, -0.0665639, -0.000553779)
bones/62/enabled = true
bones/62/position = Vector3(0.0912445, -0.0665639, -0.000553779)
bones/62/rotation = Quaternion(-0.254863, 0.0879211, 0.0198338, 0.962768)
bones/62/scale = Vector3(1, 1, 1)
bones/63/name = "LeftLeg"
bones/63/parent = 62
bones/63/rest = Transform3D(0.996624, 0.00950135, -0.0815512, -0.0739475, 0.535464, -0.841315, 0.0356741, 0.844505, 0.534358, 0.00244681, -0.405954, -0.00517038)
bones/63/enabled = true
bones/63/position = Vector3(0.00244681, -0.405954, -0.00517038)
bones/63/rotation = Quaternion(0.481353, -0.0334714, -0.0238272, 0.875564)
bones/63/scale = Vector3(1, 1, 1)
bones/64/name = "LeftFoot"
bones/64/parent = 63
bones/64/rest = Transform3D(0.999568, 0.0293842, 0.000928615, -0.0293597, 0.999368, -0.0200442, -0.00151701, 0.0200083, 0.999799, -0.0024467, -0.42048, -0.0205764)
bones/64/enabled = true
bones/64/position = Vector3(-0.0024467, -0.42048, -0.0205764)
bones/64/rotation = Quaternion(0.0100147, 0.000611503, -0.0146883, 0.999842)
bones/64/scale = Vector3(1, 1, 1)
bones/65/name = "LeftToeBase"
bones/65/parent = 64
bones/65/rest = Transform3D(1, -3.89454e-08, 9.92432e-08, 2.43848e-08, 0.989766, 0.1427, -1.03785e-07, -0.1427, 0.989766, 0.00373359, -0.104922, 0.126407)
bones/65/enabled = true
bones/65/position = Vector3(0.00373359, -0.104922, 0.126407)
bones/65/rotation = Quaternion(-0.0715333, 5.08874e-08, 1.58732e-08, 0.997438)
bones/65/scale = Vector3(1, 1, 1)
bones/66/name = "LeftToe_End"
bones/66/parent = 65
bones/66/rest = Transform3D(1, 3.7253e-09, -1.86265e-09, -3.7253e-09, 1, 7.45616e-08, 1.86265e-09, -7.45616e-08, 1, 1.49012e-08, 2.24235e-08, 0.0999252)
bones/66/enabled = true
bones/66/position = Vector3(1.49012e-08, 2.24235e-08, 0.0999252)
bones/66/rotation = Quaternion(-3.72808e-08, -9.31325e-10, -1.86265e-09, 1)
bones/66/scale = Vector3(1, 1, 1)
script = null

[node name="Mesh" type="MeshInstance3D" parent="Armature/Skeleton3D"]
gi_mode = 1
mesh = ExtResource( "2_t0i3i" )
skin = ExtResource( "2_1jcqs" )
surface_material_override/0 = null
script = null

[node name="Joints" type="MeshInstance3D" parent="Armature/Skeleton3D"]
gi_mode = 1
mesh = ExtResource( "3_fr0wl" )
skin = ExtResource( "2_1jcqs" )
surface_material_override/0 = null
script = null

[node name="AnimationTree" type="AnimationTree" parent="."]
tree_root = SubResource( "AnimationNodeBlendTree_0lbxf" )
anim_player = NodePath("../AnimationPlayer")
active = true
script = ExtResource( "22_wjarj" )

[node name="AnimationPlayer" type="AnimationPlayer" parent="."]
script = null

[node name="CameraRoot" type="Node3D" parent="."]
transform = Transform3D(1, 0, 0, 0, 1, 0, 0, 0, 1, 0, 6.03796e-08, 0)
script = ExtResource( "2_3h36s" )
ViewAngle = 2
ViewMode = 0

[node name="SpringArm3D" type="SpringArm3D" parent="CameraRoot"]
transform = Transform3D(1, 0, 0, 0, 1, 0, 0, 0, 1, 0, 1.69255, 0)
spring_length = 2.5
script = null

[node name="Camera" type="Camera3D" parent="CameraRoot/SpringArm3D"]
transform = Transform3D(1.013, 0, 7.10543e-15, 0, 1.013, 0, -7.10543e-15, 0, 1.013, 0, 0, 0)
current = true
fov = 70.0
script = null

[node name="InteractionRaycast" type="RayCast3D" parent="CameraRoot/SpringArm3D/Camera"]
visible = false
target_position = Vector3(0, 0, -6)
collision_mask = 2
script = ExtResource( "24_2q227" )

[node name="roll_timer" type="Timer" parent="."]
process_callback = 0
wait_time = 0.2
one_shot = true
script = null

[node name="Status" type="Control" parent="."]
anchor_right = 1.0
anchor_bottom = 1.0
script = ExtResource( "19_pphtx" )
__meta__ = {
"_edit_use_anchors_": false
}

[node name="Control" type="Control" parent="Status"]
offset_left = 192.847
offset_top = 162.692
offset_right = 232.847
offset_bottom = 202.692
script = null
__meta__ = {
"_edit_use_anchors_": false
}

[node name="Circle" type="Sprite2D" parent="Status/Control"]
scale = Vector2(0.287, 0.287)
skew = 4.37114e-08
texture = ExtResource( "19_g4reo" )
script = null

[node name="Direction" type="Sprite2D" parent="Status/Control"]
scale = Vector2(0.287, 0.476)
skew = 4.37114e-08
texture = ExtResource( "20_axcda" )
offset = Vector2(112, 0)
script = null

[node name="mesh" type="Sprite2D" parent="Status/Control"]
modulate = Color(1, 0.345098, 0.345098, 1)
scale = Vector2(0.287, 0.287)
skew = 4.37114e-08
texture = ExtResource( "20_axcda" )
offset = Vector2(112, 0)
script = null

[node name="Velocity" type="Sprite2D" parent="Status/Control"]
scale = Vector2(0.287, 0.287)
skew = 4.37114e-08
texture = ExtResource( "21_yofel" )
script = null

[node name="ColorRect" type="ColorRect" parent="Status"]
offset_left = 145.0
offset_top = 267.0
offset_right = 291.0
offset_bottom = 337.0
color = Color(0.0980392, 0.231373, 0.407843, 1)
script = null
__meta__ = {
"_edit_use_anchors_": false
}

[node name="ColorRect" type="ColorRect" parent="Status/ColorRect"]
offset_left = 11.9219
offset_top = 8.41742
offset_right = 17.9219
offset_bottom = 14.4174
color = Color(0, 0.74902, 0.952941, 1)
script = null
__meta__ = {
"_edit_use_anchors_": false
}

[node name="Label" type="Label" parent="Status/ColorRect/ColorRect"]
offset_left = 10.3943
offset_top = -8.73239
offset_right = 70.3943
offset_bottom = 17.2676
text = "Velocity"
script = null
__meta__ = {
"_edit_use_anchors_": false
}

[node name="ColorRect2" type="ColorRect" parent="Status/ColorRect"]
offset_left = 11.9219
offset_top = 24.4366
offset_right = 17.9219
offset_bottom = 30.4366
color = Color(1, 0.345098, 0.345098, 1)
script = null
__meta__ = {
"_edit_use_anchors_": false
}

[node name="Label" type="Label" parent="Status/ColorRect/ColorRect2"]
offset_left = 10.3943
offset_top = -7.73239
offset_right = 121.394
offset_bottom = 18.2676
text = "Mesh Rotation"
script = null
__meta__ = {
"_edit_use_anchors_": false
}

[node name="ColorRect3" type="ColorRect" parent="Status/ColorRect"]
offset_left = 11.9219
offset_top = 42.5159
offset_right = 17.9219
offset_bottom = 48.5159
script = null
__meta__ = {
"_edit_use_anchors_": false
}

[node name="Label" type="Label" parent="Status/ColorRect/ColorRect3"]
offset_left = 10.3943
offset_top = -7.73239
offset_right = 121.394
offset_bottom = 18.2676
text = "Control Rotation"
script = null
__meta__ = {
"_edit_use_anchors_": false
}

[node name="Label" type="Label" parent="Status"]
offset_left = 500.618
offset_top = 234.989
offset_right = 540.618
offset_bottom = 248.989
rect_scale = Vector2(1.40679, 1.40679)
theme_override_colors/font_color = Color(0, 0, 0, 1)
script = null
__meta__ = {
"_edit_use_anchors_": false
}

[node name="Label2" type="Label" parent="Status"]
offset_left = 500.618
offset_top = 263.497
offset_right = 540.618
offset_bottom = 277.497
rect_scale = Vector2(1.40679, 1.40679)
theme_override_colors/font_color = Color(0, 0, 0, 1)
script = null
__meta__ = {
"_edit_use_anchors_": false
}

[node name="Label3" type="Label" parent="Status"]
offset_left = 500.618
offset_top = 291.052
offset_right = 540.618
offset_bottom = 305.052
rect_scale = Vector2(1.40679, 1.40679)
theme_override_colors/font_color = Color(0, 0, 0, 1)
script = null
__meta__ = {
"_edit_use_anchors_": false
}

[node name="Label4" type="Label" parent="Status"]
offset_left = 500.618
offset_top = 319.561
offset_right = 540.618
offset_bottom = 333.561
rect_scale = Vector2(1.40679, 1.40679)
theme_override_colors/font_color = Color(0, 0, 0, 1)
script = null
__meta__ = {
"_edit_use_anchors_": false
}

[node name="InteractionLabel" type="Label" parent="Status"]
anchor_top = 1.0
anchor_right = 1.0
anchor_bottom = 1.0
offset_top = -55.0
text = "Press E to interact"
align = 1
valign = 1
script = null
