[gd_scene load_steps=29 format=3 uid="uid://chwsb15x7es45"]

[ext_resource type="Script" path="res://Player/PlayerGameplay.gd" id="1_6o7w8"]
[ext_resource type="Script" path="res://Player/Camera.gd" id="2_3h36s"]
[ext_resource type="ArrayMesh" uid="uid://clgg23fh2xxdl" path="res://Player/Mesh/Character_Cube005.res" id="2_jicco"]
[ext_resource type="SkeletonModificationStack3D" uid="uid://xg46cnhn1cjp" path="res://Player/IK/LookAtIK.tres" id="2_qb0xf"]
[ext_resource type="ArrayMesh" uid="uid://x1owftyhen1u" path="res://Player/Mesh/Character_Cube004.res" id="3_jdp8f"]
[ext_resource type="ArrayMesh" uid="uid://bc64yef7a301u" path="res://Player/Mesh/Character_Cube001.res" id="4_swst7"]
[ext_resource type="ArrayMesh" uid="uid://1vakkvenje7h" path="res://Player/Mesh/Character_Cube002.res" id="5_grbnc"]
[ext_resource type="ArrayMesh" uid="uid://bpwy5h0rnu5cd" path="res://Player/Mesh/Character_Cube003.res" id="6_gw2rd"]
[ext_resource type="Texture2D" uid="uid://dpkisrpco54qj" path="res://Player/UI/Debug/circle.png" id="19_g4reo"]
[ext_resource type="Script" path="res://Player/Status.gd" id="19_pphtx"]
[ext_resource type="Texture2D" uid="uid://ijv6wr22hov8" path="res://Player/UI/Debug/direction.png" id="20_axcda"]
[ext_resource type="Texture2D" uid="uid://ck5riwbh478s4" path="res://Player/UI/Debug/velocity.png" id="21_yofel"]
[ext_resource type="Script" path="res://Player/AnimationTree.gd" id="22_wjarj"]
[ext_resource type="Script" path="res://Player/Interaction.gd" id="24_2q227"]

[sub_resource type="CapsuleShape3D" id="CapsuleShape3D_c35sx"]
radius = 0.375
height = 2.0

[sub_resource type="SkeletonModification3DStackHolder" id="SkeletonModification3DStackHolder_siuyy"]
held_modification_stack = ExtResource( "2_qb0xf" )

[sub_resource type="SkeletonModificationStack3D" id="SkeletonModificationStack3D_6w74k"]
enabled = true
modification_count = 1
modifications/0 = SubResource( "SkeletonModification3DStackHolder_siuyy" )

[sub_resource type="Skin" id="Skin_acuui"]
resource_name = "Skin"
bind_count = 33
bind/0/name = &"Hips"
bind/0/bone = -1
bind/0/pose = Transform3D(1, -1.92544e-08, 2.01761e-07, -3.01981e-14, 0.995477, 0.0950001, -2.02678e-07, -0.095, 0.995477, 1.69533e-08, -0.876506, 0.0836464)
bind/1/name = &"Spine"
bind/1/bone = -1
bind/1/pose = Transform3D(1, -1.27399e-08, -1.78359e-07, -3.28626e-14, 0.997459, -0.0712469, 1.78814e-07, 0.071247, 0.997459, 1.62549e-08, -1.04593, -0.0909039)
bind/2/name = &"Chest"
bind/2/bone = -1
bind/2/pose = Transform3D(1, -1.49119e-08, -1.03236e-07, -2.75335e-14, 0.989728, -0.142961, 1.04308e-07, 0.142961, 0.989728, 1.90261e-08, -1.26279, -0.182403)
bind/3/name = &"Neck"
bind/3/bone = -1
bind/3/pose = Transform3D(1, -1.75536e-08, 7.24087e-08, -3.01981e-14, 0.97185, 0.2356, -7.45061e-08, -0.2356, 0.97185, 2.82144e-08, -1.43475, 0.378686)
bind/4/name = &"Head"
bind/4/bone = -1
bind/4/pose = Transform3D(1, -2.96196e-08, 2.00502e-07, -4.26326e-14, 0.989264, 0.146141, -2.02678e-07, -0.146141, 0.989264, 4.85121e-08, -1.5413, 0.239355)
bind/5/name = &"Shoulder.L"
bind/5/bone = -1
bind/5/pose = Transform3D(-0.679778, -0.733086, -0.0220602, 0.724764, -0.676061, 0.132884, -0.112329, 0.0743433, 0.990886, 1.12849, 0.938112, -0.0704084)
bind/6/name = &"Upper Arm.L"
bind/6/bone = -1
bind/6/pose = Transform3D(-0.913811, -0.406138, -2.45869e-07, 0.405654, -0.912722, -0.0488288, 0.019831, -0.0446203, 0.998807, 0.722033, 1.17942, 0.0692103)
bind/7/name = &"Lower Arm.L"
bind/7/bone = -1
bind/7/pose = Transform3D(-0.961082, -0.276262, -1.93715e-07, 0.262289, -0.912471, 0.314008, -0.0867489, 0.301788, 0.94942, 0.586248, 0.980957, -0.299588)
bind/8/name = &"Hand.L"
bind/8/bone = -1
bind/8/pose = Transform3D(-0.896577, -0.442888, -2.30968e-07, 0.436417, -0.883479, 0.170309, -0.075428, 0.152695, 0.985391, 0.716959, 0.650987, -0.168564)
bind/9/name = &"Fingers01.L"
bind/9/bone = -1
bind/9/pose = Transform3D(-0.928476, 0.371391, 6.25848e-07, -0.34621, -0.865524, 0.361947, 0.134424, 0.336059, 0.932199, 0.0440477, 0.835868, -0.399712)
bind/10/name = &"Fingers02.L"
bind/10/bone = -1
bind/10/pose = Transform3D(-0.863779, 0.503871, 2.68221e-07, -0.443384, -0.760088, 0.475055, 0.239366, 0.410342, 0.879956, -0.0841924, 0.718594, -0.49181)
bind/11/name = &"Thumb01.L"
bind/11/bone = -1
bind/11/pose = Transform3D(-0.995882, 0.0906548, 1.86264e-07, -0.0759606, -0.834463, 0.545804, 0.0494798, 0.543556, 0.837913, 0.261619, 0.719251, -0.573929)
bind/12/name = &"Thumb02.L"
bind/12/bone = -1
bind/12/pose = Transform3D(-0.996143, 0.0877399, 2.73809e-07, -0.0826569, -0.938437, 0.335414, 0.0294294, 0.334121, 0.942071, 0.264167, 0.780641, -0.402607)
bind/13/name = &"Shoulder.R"
bind/13/bone = -1
bind/13/pose = Transform3D(-0.679778, 0.733086, 0.0220602, -0.724764, -0.676061, 0.132884, 0.112329, 0.0743433, 0.990886, -1.12849, 0.938112, -0.0704084)
bind/14/name = &"Upper Arm.R"
bind/14/bone = -1
bind/14/pose = Transform3D(-0.913811, 0.406138, 3.01748e-07, -0.405654, -0.912722, -0.0488288, -0.019831, -0.0446203, 0.998807, -0.722033, 1.17942, 0.0692104)
bind/15/name = &"Lower Arm.R"
bind/15/bone = -1
bind/15/pose = Transform3D(-0.961082, 0.276262, 1.78814e-07, -0.262289, -0.912471, 0.314008, 0.0867488, 0.301788, 0.94942, -0.586248, 0.980957, -0.299588)
bind/16/name = &"Hand.R"
bind/16/bone = -1
bind/16/pose = Transform3D(-0.896577, 0.442888, 2.23517e-07, -0.436417, -0.883479, 0.170309, 0.0754279, 0.152695, 0.985391, -0.716958, 0.650987, -0.168564)
bind/17/name = &"Fingers01.R"
bind/17/bone = -1
bind/17/pose = Transform3D(-0.928476, -0.371391, -5.06639e-07, 0.34621, -0.865524, 0.361947, -0.134424, 0.336059, 0.932199, -0.0440478, 0.835868, -0.399712)
bind/18/name = &"Fingers02.R"
bind/18/bone = -1
bind/18/pose = Transform3D(-0.863779, -0.503871, -1.63913e-07, 0.443384, -0.760088, 0.475055, -0.239366, 0.410342, 0.879956, 0.0841923, 0.718593, -0.49181)
bind/19/name = &"Thumb01.R"
bind/19/bone = -1
bind/19/pose = Transform3D(-0.995882, -0.0906548, -2.49594e-07, 0.0759605, -0.834463, 0.545803, -0.0494798, 0.543556, 0.837913, -0.261619, 0.719251, -0.573929)
bind/20/name = &"Thumb02.R"
bind/20/bone = -1
bind/20/pose = Transform3D(-0.996143, -0.0877399, -3.33413e-07, 0.0826568, -0.938437, 0.335414, -0.0294295, 0.334121, 0.942071, -0.264167, 0.780641, -0.402607)
bind/21/name = &"Upper Leg.L"
bind/21/bone = -1
bind/21/pose = Transform3D(-0.998528, -0.0542706, 2.97593e-05, 0.0542468, -0.998062, 0.0304922, -0.00163291, 0.0304502, 0.999544, 0.138329, 0.929448, -0.0106092)
bind/22/name = &"Lower Leg.L"
bind/22/bone = -1
bind/22/pose = Transform3D(-0.998342, -0.0575973, 3.8424e-05, 0.0573797, -0.994602, -0.0864572, 0.00501018, -0.0863092, 0.996264, 0.140033, 0.508717, 0.0491552)
bind/23/name = &"Foot.L"
bind/23/bone = -1
bind/23/pose = Transform3D(-0.926099, -0.377285, 9.22392e-06, 0.211728, -0.519708, 0.827697, -0.312275, 0.766525, 0.561191, 0.152999, 0.0445349, 0.0124439)
bind/24/name = &"Toes.L"
bind/24/bone = -1
bind/24/pose = Transform3D(-1.20335e-05, -1, 2.85738e-06, 0.233365, 1.36334e-06, 0.972396, -0.972391, 1.34755e-05, 0.233374, 0.00902766, -0.0915493, 0.144147)
bind/25/name = &"Upper Leg.R"
bind/25/bone = -1
bind/25/pose = Transform3D(-0.998526, 0.0542719, 1.72831e-05, -0.0542461, -0.998062, 0.0304939, 0.00167051, 0.0304479, 0.999533, -0.138329, 0.929448, -0.0106039)
bind/26/name = &"Lower Leg.R"
bind/26/bone = -1
bind/26/pose = Transform3D(-0.99834, 0.0575931, 8.20214e-06, -0.0573778, -0.994602, -0.0864531, -0.00497263, -0.0863104, 0.996254, -0.14003, 0.508717, 0.0491599)
bind/27/name = &"Foot.R"
bind/27/bone = -1
bind/27/pose = Transform3D(-0.926091, 0.3773, 2.45869e-06, -0.211736, -0.519712, 0.827687, 0.312287, 0.766514, 0.561187, -0.152999, 0.0445337, 0.0124461)
bind/28/name = &"Toes.R"
bind/28/bone = -1
bind/28/pose = Transform3D(3.04979e-06, 1, 7.01301e-07, -0.233375, -2.5617e-07, 0.972385, 0.972387, -3.40218e-06, 0.233373, -0.00902546, -0.0915504, 0.144147)
bind/29/name = &"Leg IK.L"
bind/29/bone = -1
bind/29/pose = Transform3D(1, -1.8846e-07, -3.141e-09, -2.22045e-16, 0.0166644, -0.999861, 1.88486e-07, 0.999861, 0.0166644, -0.136148, -0.0450271, -0.0705905)
bind/30/name = &"Pole Target.L"
bind/30/bone = -1
bind/30/pose = Transform3D(-1, 7.29535e-06, 3.46099e-07, -3.79104e-11, -0.0473929, 0.998876, 7.30275e-06, 0.998767, 0.0473826, 0.110761, -0.4863, -0.542977)
bind/31/name = &"Leg IK.R"
bind/31/bone = -1
bind/31/pose = Transform3D(1, -1.8846e-07, -3.141e-09, -2.22045e-16, 0.0166644, -0.999861, 1.88486e-07, 0.999861, 0.0166644, 0.136148, -0.0450271, -0.0705904)
bind/32/name = &"Pole Target.R"
bind/32/bone = -1
bind/32/pose = Transform3D(-1, -7.29535e-06, -3.46099e-07, 3.79104e-11, -0.0473929, 0.998876, -7.30275e-06, 0.998767, 0.0473826, -0.110761, -0.4863, -0.542977)

[sub_resource type="Animation" id="Animation_tuf2t"]
resource_name = "Idle"
length = 3.33333
loop = true
tracks/0/type = "rotation_3d"
tracks/0/imported = true
tracks/0/enabled = true
tracks/0/path = NodePath("Armature/Skeleton3D:Fingers02.L")
tracks/0/interp = 1
tracks/0/loop_wrap = true
tracks/0/keys = PackedFloat32Array(0, 1, 0.0615725, -0.0636731, -0.137856, 0.986484, 1.66667, 1, 0.0554821, -0.0776243, -0.208338, 0.973392, 1.7, 1, 0.055607, -0.0773491, -0.206938, 0.973705, 3.3, 1, 0.0614538, -0.0639557, -0.139274, 0.986274, 3.33333, 1, 0.0615725, -0.0636731, -0.137856, 0.986484)
tracks/1/type = "rotation_3d"
tracks/1/imported = true
tracks/1/enabled = true
tracks/1/path = NodePath("Armature/Skeleton3D:Thumb01.L")
tracks/1/interp = 1
tracks/1/loop_wrap = true
tracks/1/keys = PackedFloat32Array(0, 1, 0.199033, -0.0593481, -0.151106, 0.966453, 1.66667, 1, 0.199459, -0.0575037, -0.136712, 0.968617, 1.7, 1, 0.199451, -0.0575407, -0.137, 0.968576, 3.3, 1, 0.199042, -0.0593113, -0.150819, 0.966498, 3.33333, 1, 0.199033, -0.0593481, -0.151106, 0.966453)
tracks/2/type = "rotation_3d"
tracks/2/imported = true
tracks/2/enabled = true
tracks/2/path = NodePath("Armature/Skeleton3D:Upper Arm.L")
tracks/2/interp = 1
tracks/2/loop_wrap = true
tracks/2/keys = PackedFloat32Array(0, 1, -0.0829112, -0.0237078, -0.312961, 0.945843, 1.7, 1, -0.0832259, -0.0234086, -0.30522, 0.948349, 1.73333, 1, -0.083232, -0.0234027, -0.305068, 0.948398, 3.3, 1, -0.0829179, -0.0237015, -0.312797, 0.945897, 3.33333, 1, -0.0829112, -0.0237078, -0.312961, 0.945843)
tracks/3/type = "rotation_3d"
tracks/3/imported = true
tracks/3/enabled = true
tracks/3/path = NodePath("Armature/Skeleton3D:Fingers02.R")
tracks/3/interp = 1
tracks/3/loop_wrap = true
tracks/3/keys = PackedFloat32Array(0, 1, 0.0615725, 0.0636731, 0.137856, 0.986484, 1.66667, 1, 0.0546738, 0.0793958, 0.21736, 0.97132, 1.7, 1, 0.0548156, 0.0790863, 0.215782, 0.971689, 3.3, 1, 0.0614385, 0.0639922, 0.139457, 0.986246, 3.33333, 1, 0.0615725, 0.0636731, 0.137856, 0.986484)
tracks/4/type = "rotation_3d"
tracks/4/imported = true
tracks/4/enabled = true
tracks/4/path = NodePath("Armature/Skeleton3D:Thumb01.R")
tracks/4/interp = 1
tracks/4/loop_wrap = true
tracks/4/keys = PackedFloat32Array(0, 1, 0.199033, 0.0593481, 0.151106, 0.966453, 1.7, 1, 0.199343, 0.058027, 0.140789, 0.968026, 1.73333, 1, 0.199349, 0.058001, 0.140587, 0.968055, 3.3, 1, 0.19904, 0.0593201, 0.150887, 0.966487, 3.33333, 1, 0.199033, 0.0593481, 0.151106, 0.966453)
tracks/5/type = "rotation_3d"
tracks/5/imported = true
tracks/5/enabled = true
tracks/5/path = NodePath("Armature/Skeleton3D:Upper Arm.R")
tracks/5/interp = 1
tracks/5/loop_wrap = true
tracks/5/keys = PackedFloat32Array(0, 1, -0.0829112, 0.0237078, 0.312961, 0.945843, 1.7, 1, -0.0832779, 0.0233584, 0.303925, 0.948762, 1.73333, 1, -0.083285, 0.0233516, 0.303748, 0.948818, 3.3, 1, -0.082919, 0.0237004, 0.312769, 0.945906, 3.33333, 1, -0.0829112, 0.0237078, 0.312961, 0.945843)
tracks/6/type = "rotation_3d"
tracks/6/imported = true
tracks/6/enabled = true
tracks/6/path = NodePath("Armature/Skeleton3D:Foot.L")
tracks/6/interp = 1
tracks/6/loop_wrap = true
tracks/6/keys = PackedFloat32Array(0, 1, 0.513734, 0.0230522, 0.222986, 0.828145, 1.7, 1, 0.530713, 0.0182646, 0.222622, 0.817587, 1.73333, 1, 0.531044, 0.0181706, 0.222614, 0.817377, 3.3, 1, 0.514097, 0.0229506, 0.222979, 0.827924, 3.33333, 1, 0.513734, 0.0230522, 0.222986, 0.828145)
tracks/7/type = "rotation_3d"
tracks/7/imported = true
tracks/7/enabled = true
tracks/7/path = NodePath("Armature/Skeleton3D:Lower Leg.L")
tracks/7/interp = 1
tracks/7/loop_wrap = true
tracks/7/keys = PackedFloat32Array(0, 1, -0.174939, -5.03194e-05, 0.00497978, 0.984567, 1.66667, 1, -0.218148, -4.98691e-05, 0.00620977, 0.975896, 1.7, 1, -0.217288, -4.9879e-05, 0.00618528, 0.976088, 3.3, 1, -0.175807, -5.03113e-05, 0.00500448, 0.984412, 3.33333, 1, -0.174939, -5.03194e-05, 0.00497978, 0.984567)
tracks/8/type = "rotation_3d"
tracks/8/imported = true
tracks/8/enabled = true
tracks/8/path = NodePath("Armature/Skeleton3D:Upper Leg.L")
tracks/8/interp = 1
tracks/8/loop_wrap = true
tracks/8/keys = PackedFloat32Array(0, 1, 0.0021728, -0.167032, -0.985612, 0.0257823, 1.7, 1, 0.00266746, -0.189345, -0.98158, 0.0253549, 1.73333, 1, 0.00267715, -0.189781, -0.981495, 0.0253464, 3.3, 1, 0.00218332, -0.167507, -0.985532, 0.0257733, 3.33333, 1, 0.0021728, -0.167032, -0.985612, 0.0257823)
tracks/9/type = "rotation_3d"
tracks/9/imported = true
tracks/9/enabled = true
tracks/9/path = NodePath("Armature/Skeleton3D:Foot.R")
tracks/9/interp = 1
tracks/9/loop_wrap = true
tracks/9/keys = PackedFloat32Array(0, 1, 0.560854, -0.0252928, -0.187752, 0.805948, 1.66667, 1, 0.578792, -0.0208589, -0.187381, 0.793381, 1.7, 1, 0.578436, -0.0209477, -0.18739, 0.793636, 3.3, 1, 0.561216, -0.0252042, -0.187745, 0.8057, 3.33333, 1, 0.560854, -0.0252928, -0.187752, 0.805948)
tracks/10/type = "rotation_3d"
tracks/10/imported = true
tracks/10/enabled = true
tracks/10/path = NodePath("Armature/Skeleton3D:Lower Leg.R")
tracks/10/interp = 1
tracks/10/loop_wrap = true
tracks/10/keys = PackedFloat32Array(0, 1, -0.166741, 5.05248e-05, -0.00473856, 0.985989, 1.66667, 1, -0.211669, 5.00811e-05, -0.00601533, 0.977323, 1.7, 1, -0.210774, 5.0091e-05, -0.00598991, 0.977517, 3.3, 1, -0.167644, 5.0517e-05, -0.0047642, 0.985836, 3.33333, 1, -0.166741, 5.05248e-05, -0.00473856, 0.985989)
tracks/11/type = "rotation_3d"
tracks/11/imported = true
tracks/11/enabled = true
tracks/11/path = NodePath("Armature/Skeleton3D:Upper Leg.R")
tracks/11/interp = 1
tracks/11/loop_wrap = true
tracks/11/keys = PackedFloat32Array(0, 1, 0.00469852, 0.0997655, 0.994487, 0.0319605, 1.66667, 1, 0.00527265, 0.123043, 0.991887, 0.0315036, 1.7, 1, 0.00526119, 0.122579, 0.991945, 0.0315129, 3.3, 1, 0.00471002, 0.100232, 0.99444, 0.0319515, 3.33333, 1, 0.00469852, 0.0997655, 0.994487, 0.0319605)
tracks/12/type = "position_3d"
tracks/12/imported = true
tracks/12/enabled = true
tracks/12/path = NodePath("Armature/Skeleton3D:Hips")
tracks/12/interp = 1
tracks/12/loop_wrap = true
tracks/12/keys = PackedFloat32Array(0, 1, -2.82382e-16, 0.867522, 4.77303e-09, 1.66667, 1, -1.4551e-10, 0.859965, 4.88944e-09, 1.7, 1, -1.426e-10, 0.860116, 4.88712e-09, 3.3, 1, -2.91048e-12, 0.867371, 4.77536e-09, 3.33333, 1, -2.82382e-16, 0.867522, 4.77303e-09)
tracks/13/type = "rotation_3d"
tracks/13/imported = false
tracks/13/enabled = true
tracks/13/path = NodePath("Armature/Skeleton3D:Hips")
tracks/13/interp = 1
tracks/13/loop_wrap = true
tracks/13/keys = PackedFloat32Array(0, 1, 0.0475539, -1.01224e-07, -4.81905e-09, 0.998869, 1.7, 1, 0.0475539, -1.01224e-07, -4.81905e-09, 0.998869, 3.3, 1, 0.0475539, -1.01224e-07, -4.81905e-09, 0.998869)
tracks/14/type = "position_3d"
tracks/14/imported = false
tracks/14/enabled = true
tracks/14/path = NodePath("Armature/Skeleton3D:Spine")
tracks/14/interp = 1
tracks/14/loop_wrap = true
tracks/14/keys = PackedFloat32Array(0, 1, -7.99957e-17, 0.170034, 3.72529e-09, 1.7, 1, -7.99957e-17, 0.170034, 3.72529e-09, 3.3, 1, -7.99957e-17, 0.170034, 3.72529e-09)
tracks/15/type = "rotation_3d"
tracks/15/imported = false
tracks/15/enabled = true
tracks/15/path = NodePath("Armature/Skeleton3D:Spine")
tracks/15/interp = 1
tracks/15/loop_wrap = true
tracks/15/keys = PackedFloat32Array(0, 1, -0.0831292, 1.90085e-07, 9.91893e-10, 0.996539, 1.7, 1, -0.0831292, 1.90085e-07, 9.91893e-10, 0.996539, 3.3, 1, -0.0831292, 1.90085e-07, 9.91893e-10, 0.996539)
tracks/16/type = "position_3d"
tracks/16/imported = false
tracks/16/enabled = true
tracks/16/path = NodePath("Armature/Skeleton3D:Chest")
tracks/16/interp = 1
tracks/16/loop_wrap = true
tracks/16/keys = PackedFloat32Array(0, 1, 3.54849e-15, 0.226721, -1.48624e-08, 1.7, 1, 3.54849e-15, 0.226721, -1.48624e-08, 3.3, 1, 3.54849e-15, 0.226721, -1.48624e-08)
tracks/17/type = "rotation_3d"
tracks/17/imported = false
tracks/17/enabled = true
tracks/17/path = NodePath("Armature/Skeleton3D:Chest")
tracks/17/interp = 1
tracks/17/loop_wrap = true
tracks/17/keys = PackedFloat32Array(0, 1, -0.0360646, -3.72286e-08, -5.10534e-09, 0.999349, 1.7, 1, -0.0360646, -3.72286e-08, -5.10534e-09, 0.999349, 3.3, 1, -0.0360646, -3.72286e-08, -5.10534e-09, 0.999349)
tracks/18/type = "position_3d"
tracks/18/imported = false
tracks/18/enabled = true
tracks/18/path = NodePath("Armature/Skeleton3D:Neck")
tracks/18/interp = 1
tracks/18/loop_wrap = true
tracks/18/keys = PackedFloat32Array(0, 1, -1.04301e-16, 0.209839, -5.58794e-09, 1.7, 1, -1.04301e-16, 0.209839, -5.58794e-09, 3.3, 1, -1.04301e-16, 0.209839, -5.58794e-09)
tracks/19/type = "rotation_3d"
tracks/19/imported = false
tracks/19/enabled = true
tracks/19/path = NodePath("Armature/Skeleton3D:Neck")
tracks/19/interp = 1
tracks/19/loop_wrap = true
tracks/19/keys = PackedFloat32Array(0, 1, 0.189492, -8.77869e-08, 2.8236e-09, 0.981882, 1.7, 1, 0.189492, -8.77869e-08, 2.8236e-09, 0.981882, 3.3, 1, 0.189492, -8.77869e-08, 2.8236e-09, 0.981882)
tracks/20/type = "position_3d"
tracks/20/imported = false
tracks/20/enabled = true
tracks/20/path = NodePath("Armature/Skeleton3D:Head")
tracks/20/interp = 1
tracks/20/loop_wrap = true
tracks/20/keys = PackedFloat32Array(0, 1, 1.50799e-15, 0.0783564, 1.30385e-08, 1.7, 1, 1.50799e-15, 0.0783564, 1.30385e-08, 3.3, 1, 1.50799e-15, 0.0783564, 1.30385e-08)
tracks/21/type = "rotation_3d"
tracks/21/imported = false
tracks/21/enabled = true
tracks/21/path = NodePath("Armature/Skeleton3D:Head")
tracks/21/interp = 1
tracks/21/loop_wrap = true
tracks/21/keys = PackedFloat32Array(0, 1, -0.0455688, -6.40193e-08, 6.31548e-09, 0.998961, 1.7, 1, -0.0455688, -6.40193e-08, 6.31548e-09, 0.998961, 3.3, 1, -0.0455688, -6.40193e-08, 6.31548e-09, 0.998961)
tracks/22/type = "position_3d"
tracks/22/imported = false
tracks/22/enabled = true
tracks/22/path = NodePath("Armature/Skeleton3D:Shoulder.L")
tracks/22/interp = 1
tracks/22/loop_wrap = true
tracks/22/keys = PackedFloat32Array(0, 1, 0.0793055, 0.193168, -0.00240801, 1.7, 1, 0.0793055, 0.193168, -0.00240801, 3.3, 1, 0.0793055, 0.193168, -0.00240801)
tracks/23/type = "rotation_3d"
tracks/23/imported = false
tracks/23/enabled = true
tracks/23/path = NodePath("Armature/Skeleton3D:Shoulder.L")
tracks/23/interp = 1
tracks/23/loop_wrap = true
tracks/23/keys = PackedFloat32Array(0, 1, -0.0651907, -0.00905953, 0.91641, -0.394792, 1.7, 1, 0.0651907, 0.00905953, -0.91641, 0.394792, 3.3, 1, 0.0651907, 0.00905953, -0.91641, 0.394792)
tracks/24/type = "position_3d"
tracks/24/imported = false
tracks/24/enabled = true
tracks/24/path = NodePath("Armature/Skeleton3D:Upper Arm.L")
tracks/24/interp = 1
tracks/24/loop_wrap = true
tracks/24/keys = PackedFloat32Array(0, 1, -1.24726e-07, 0.138924, 2.48766e-08, 1.7, 1, -1.24726e-07, 0.138924, 2.48766e-08, 3.3, 1, -1.24726e-07, 0.138924, 2.48766e-08)
tracks/25/type = "position_3d"
tracks/25/imported = false
tracks/25/enabled = true
tracks/25/path = NodePath("Armature/Skeleton3D:Lower Arm.L")
tracks/25/interp = 1
tracks/25/loop_wrap = true
tracks/25/keys = PackedFloat32Array(0, 1, 1.36036e-08, 0.2469, 1.44459e-08, 1.7, 1, 1.36036e-08, 0.2469, 1.44459e-08, 3.3, 1, 1.36036e-08, 0.2469, 1.44459e-08)
tracks/26/type = "rotation_3d"
tracks/26/imported = false
tracks/26/enabled = true
tracks/26/path = NodePath("Armature/Skeleton3D:Lower Arm.L")
tracks/26/interp = 1
tracks/26/loop_wrap = true
tracks/26/keys = PackedFloat32Array(0, 1, 0.182654, -0.00932026, -0.068474, 0.980746, 1.7, 1, 0.182654, -0.00932026, -0.068474, 0.980746, 3.3, 1, 0.182654, -0.00932026, -0.068474, 0.980746)
tracks/27/type = "position_3d"
tracks/27/imported = false
tracks/27/enabled = true
tracks/27/path = NodePath("Armature/Skeleton3D:Hand.L")
tracks/27/interp = 1
tracks/27/loop_wrap = true
tracks/27/keys = PackedFloat32Array(0, 1, 2.95552e-08, 0.251034, -8.02475e-10, 1.7, 1, 2.95552e-08, 0.251034, -8.02475e-10, 3.3, 1, 2.95552e-08, 0.251034, -8.02475e-10)
tracks/28/type = "rotation_3d"
tracks/28/imported = false
tracks/28/enabled = true
tracks/28/path = NodePath("Armature/Skeleton3D:Hand.L")
tracks/28/interp = 1
tracks/28/loop_wrap = true
tracks/28/keys = PackedFloat32Array(0, 1, -0.0737703, 0.0216935, 0.0866639, 0.993266, 1.7, 1, -0.0737703, 0.0216935, 0.0866639, 0.993266, 3.3, 1, -0.0737703, 0.0216935, 0.0866639, 0.993266)
tracks/29/type = "position_3d"
tracks/29/imported = false
tracks/29/enabled = true
tracks/29/path = NodePath("Armature/Skeleton3D:Fingers01.L")
tracks/29/interp = 1
tracks/29/loop_wrap = true
tracks/29/keys = PackedFloat32Array(0, 1, -3.14463e-08, 0.0871237, -3.3314e-08, 1.7, 1, -3.14463e-08, 0.0871237, -3.3314e-08, 3.3, 1, -3.14463e-08, 0.0871237, -3.3314e-08)
tracks/30/type = "rotation_3d"
tracks/30/imported = false
tracks/30/enabled = true
tracks/30/path = NodePath("Armature/Skeleton3D:Fingers01.L")
tracks/30/interp = 1
tracks/30/loop_wrap = true
tracks/30/keys = PackedFloat32Array(0, 1, 0.0908128, -0.108975, -0.392608, 0.9087, 1.7, 1, 0.0908128, -0.108975, -0.392608, 0.9087, 3.3, 1, 0.0908128, -0.108975, -0.392608, 0.9087)
tracks/31/type = "position_3d"
tracks/31/imported = false
tracks/31/enabled = true
tracks/31/path = NodePath("Armature/Skeleton3D:Fingers02.L")
tracks/31/interp = 1
tracks/31/loop_wrap = true
tracks/31/keys = PackedFloat32Array(0, 1, -1.73658e-08, 0.0589302, -1.6873e-08, 1.7, 1, -1.73658e-08, 0.0589302, -1.6873e-08, 3.3, 1, -1.73658e-08, 0.0589302, -1.6873e-08)
tracks/32/type = "position_3d"
tracks/32/imported = false
tracks/32/enabled = true
tracks/32/path = NodePath("Armature/Skeleton3D:Thumb01.L")
tracks/32/interp = 1
tracks/32/loop_wrap = true
tracks/32/keys = PackedFloat32Array(0, 1, 0.0154415, 0.0310599, 0.0282223, 1.7, 1, 0.0154415, 0.0310599, 0.0282223, 3.3, 1, 0.0154415, 0.0310599, 0.0282223)
tracks/33/type = "position_3d"
tracks/33/imported = false
tracks/33/enabled = true
tracks/33/path = NodePath("Armature/Skeleton3D:Thumb02.L")
tracks/33/interp = 1
tracks/33/loop_wrap = true
tracks/33/keys = PackedFloat32Array(0, 1, 3.66126e-08, 0.0533396, -5.8647e-08, 1.7, 1, 3.66126e-08, 0.0533396, -5.8647e-08, 3.3, 1, 3.66126e-08, 0.0533396, -5.8647e-08)
tracks/34/type = "rotation_3d"
tracks/34/imported = false
tracks/34/enabled = true
tracks/34/path = NodePath("Armature/Skeleton3D:Thumb02.L")
tracks/34/interp = 1
tracks/34/loop_wrap = true
tracks/34/keys = PackedFloat32Array(0, 1, -0.11738, 0.000649186, 0.0013114, 0.993086, 1.7, 1, -0.11738, 0.000649186, 0.0013114, 0.993086, 3.3, 1, -0.11738, 0.000649186, 0.0013114, 0.993086)
tracks/35/type = "position_3d"
tracks/35/imported = false
tracks/35/enabled = true
tracks/35/path = NodePath("Armature/Skeleton3D:Shoulder.R")
tracks/35/interp = 1
tracks/35/loop_wrap = true
tracks/35/keys = PackedFloat32Array(0, 1, -0.0793055, 0.193168, -0.00240803, 1.7, 1, -0.0793055, 0.193168, -0.00240803, 3.3, 1, -0.0793055, 0.193168, -0.00240803)
tracks/36/type = "rotation_3d"
tracks/36/imported = false
tracks/36/enabled = true
tracks/36/path = NodePath("Armature/Skeleton3D:Shoulder.R")
tracks/36/interp = 1
tracks/36/loop_wrap = true
tracks/36/keys = PackedFloat32Array(0, 1, 0.0651906, -0.00905963, 0.91641, 0.394792, 1.7, 1, 0.0651906, -0.00905963, 0.91641, 0.394792, 3.3, 1, 0.0651906, -0.00905963, 0.91641, 0.394792)
tracks/37/type = "position_3d"
tracks/37/imported = false
tracks/37/enabled = true
tracks/37/path = NodePath("Armature/Skeleton3D:Upper Arm.R")
tracks/37/interp = 1
tracks/37/loop_wrap = true
tracks/37/keys = PackedFloat32Array(0, 1, 7.69392e-08, 0.138924, 1.80194e-08, 1.7, 1, 7.69392e-08, 0.138924, 1.80194e-08, 3.3, 1, 7.69392e-08, 0.138924, 1.80194e-08)
tracks/38/type = "position_3d"
tracks/38/imported = false
tracks/38/enabled = true
tracks/38/path = NodePath("Armature/Skeleton3D:Lower Arm.R")
tracks/38/interp = 1
tracks/38/loop_wrap = true
tracks/38/keys = PackedFloat32Array(0, 1, -2.91191e-08, 0.2469, -1.07206e-08, 1.7, 1, -2.91191e-08, 0.2469, -1.07206e-08, 3.3, 1, -2.91191e-08, 0.2469, -1.07206e-08)
tracks/39/type = "rotation_3d"
tracks/39/imported = false
tracks/39/enabled = true
tracks/39/path = NodePath("Armature/Skeleton3D:Lower Arm.R")
tracks/39/interp = 1
tracks/39/loop_wrap = true
tracks/39/keys = PackedFloat32Array(0, 1, 0.182654, 0.00932028, 0.068474, 0.980746, 1.7, 1, 0.182654, 0.00932028, 0.068474, 0.980746, 3.3, 1, 0.182654, 0.00932028, 0.068474, 0.980746)
tracks/40/type = "position_3d"
tracks/40/imported = false
tracks/40/enabled = true
tracks/40/path = NodePath("Armature/Skeleton3D:Hand.R")
tracks/40/interp = 1
tracks/40/loop_wrap = true
tracks/40/keys = PackedFloat32Array(0, 1, -9.02198e-09, 0.251034, -1.76478e-08, 1.7, 1, -9.02198e-09, 0.251034, -1.76478e-08, 3.3, 1, -9.02198e-09, 0.251034, -1.76478e-08)
tracks/41/type = "rotation_3d"
tracks/41/imported = false
tracks/41/enabled = true
tracks/41/path = NodePath("Armature/Skeleton3D:Hand.R")
tracks/41/interp = 1
tracks/41/loop_wrap = true
tracks/41/keys = PackedFloat32Array(0, 1, -0.0737703, -0.0216935, -0.0866639, 0.993266, 1.7, 1, -0.0737703, -0.0216935, -0.0866639, 0.993266, 3.3, 1, -0.0737703, -0.0216935, -0.0866639, 0.993266)
tracks/42/type = "position_3d"
tracks/42/imported = false
tracks/42/enabled = true
tracks/42/path = NodePath("Armature/Skeleton3D:Fingers01.R")
tracks/42/interp = 1
tracks/42/loop_wrap = true
tracks/42/keys = PackedFloat32Array(0, 1, 1.06853e-08, 0.0871237, 8.39489e-09, 1.7, 1, 1.06853e-08, 0.0871237, 8.39489e-09, 3.3, 1, 1.06853e-08, 0.0871237, 8.39489e-09)
tracks/43/type = "rotation_3d"
tracks/43/imported = false
tracks/43/enabled = true
tracks/43/path = NodePath("Armature/Skeleton3D:Fingers01.R")
tracks/43/interp = 1
tracks/43/loop_wrap = true
tracks/43/keys = PackedFloat32Array(0, 1, 0.0908128, 0.108975, 0.392608, 0.9087, 1.7, 1, 0.0908128, 0.108975, 0.392608, 0.9087, 3.3, 1, 0.0908128, 0.108975, 0.392608, 0.9087)
tracks/44/type = "position_3d"
tracks/44/imported = false
tracks/44/enabled = true
tracks/44/path = NodePath("Armature/Skeleton3D:Fingers02.R")
tracks/44/interp = 1
tracks/44/loop_wrap = true
tracks/44/keys = PackedFloat32Array(0, 1, -8.89211e-09, 0.0589301, -5.50864e-08, 1.7, 1, -8.89211e-09, 0.0589301, -5.50864e-08, 3.3, 1, -8.89211e-09, 0.0589301, -5.50864e-08)
tracks/45/type = "position_3d"
tracks/45/imported = false
tracks/45/enabled = true
tracks/45/path = NodePath("Armature/Skeleton3D:Thumb01.R")
tracks/45/interp = 1
tracks/45/loop_wrap = true
tracks/45/keys = PackedFloat32Array(0, 1, -0.0154414, 0.0310599, 0.0282223, 1.7, 1, -0.0154414, 0.0310599, 0.0282223, 3.3, 1, -0.0154414, 0.0310599, 0.0282223)
tracks/46/type = "position_3d"
tracks/46/imported = false
tracks/46/enabled = true
tracks/46/path = NodePath("Armature/Skeleton3D:Thumb02.R")
tracks/46/interp = 1
tracks/46/loop_wrap = true
tracks/46/keys = PackedFloat32Array(0, 1, 8.17269e-10, 0.0533397, 5.78898e-08, 1.7, 1, 8.17269e-10, 0.0533397, 5.78898e-08, 3.3, 1, 8.17269e-10, 0.0533397, 5.78898e-08)
tracks/47/type = "rotation_3d"
tracks/47/imported = false
tracks/47/enabled = true
tracks/47/path = NodePath("Armature/Skeleton3D:Thumb02.R")
tracks/47/interp = 1
tracks/47/loop_wrap = true
tracks/47/keys = PackedFloat32Array(0, 1, -0.11738, -0.000649178, -0.00131139, 0.993086, 1.7, 1, -0.11738, -0.000649178, -0.00131139, 0.993086, 3.3, 1, -0.11738, -0.000649178, -0.00131139, 0.993086)
tracks/48/type = "position_3d"
tracks/48/imported = false
tracks/48/enabled = true
tracks/48/path = NodePath("Armature/Skeleton3D:Upper Leg.L")
tracks/48/interp = 1
tracks/48/loop_wrap = true
tracks/48/keys = PackedFloat32Array(0, 1, 0.0876888, 0.0530545, -0.0228849, 1.7, 1, 0.0876888, 0.0530545, -0.0228849, 3.3, 1, 0.0876888, 0.0530545, -0.0228849)
tracks/49/type = "position_3d"
tracks/49/imported = false
tracks/49/enabled = true
tracks/49/path = NodePath("Armature/Skeleton3D:Lower Leg.L")
tracks/49/interp = 1
tracks/49/loop_wrap = true
tracks/49/keys = PackedFloat32Array(0, 1, 2.27283e-08, 0.418008, 1.06091e-09, 1.7, 1, 2.27283e-08, 0.418008, 1.06091e-09, 3.3, 1, 2.27283e-08, 0.418008, 1.06091e-09)
tracks/50/type = "position_3d"
tracks/50/imported = false
tracks/50/enabled = true
tracks/50/path = NodePath("Armature/Skeleton3D:Foot.L")
tracks/50/interp = 1
tracks/50/loop_wrap = true
tracks/50/keys = PackedFloat32Array(0, 1, 2.93869e-08, 0.449374, 2.84452e-08, 1.7, 1, 2.93869e-08, 0.449374, 2.84452e-08, 3.3, 1, 2.93869e-08, 0.449374, 2.84452e-08)
tracks/51/type = "position_3d"
tracks/51/imported = false
tracks/51/enabled = true
tracks/51/path = NodePath("Armature/Skeleton3D:Toes.L")
tracks/51/interp = 1
tracks/51/loop_wrap = true
tracks/51/keys = PackedFloat32Array(0, 1, -4.7477e-10, 0.119885, -4.45407e-09, 1.7, 1, -4.7477e-10, 0.119885, -4.45407e-09, 3.3, 1, -4.7477e-10, 0.119885, -4.45407e-09)
tracks/52/type = "rotation_3d"
tracks/52/imported = false
tracks/52/enabled = true
tracks/52/path = NodePath("Armature/Skeleton3D:Toes.L")
tracks/52/interp = 1
tracks/52/loop_wrap = true
tracks/52/keys = PackedFloat32Array(0, 1, 0.148682, 0.510473, 0.225321, 0.81642, 1.7, 1, 0.148682, 0.510473, 0.225321, 0.81642, 3.3, 1, 0.148682, 0.510473, 0.225321, 0.81642)
tracks/53/type = "position_3d"
tracks/53/imported = false
tracks/53/enabled = true
tracks/53/path = NodePath("Armature/Skeleton3D:Upper Leg.R")
tracks/53/interp = 1
tracks/53/loop_wrap = true
tracks/53/keys = PackedFloat32Array(0, 1, -0.0876888, 0.0530544, -0.0228848, 1.7, 1, -0.0876888, 0.0530544, -0.0228848, 3.3, 1, -0.0876888, 0.0530544, -0.0228848)
tracks/54/type = "position_3d"
tracks/54/imported = false
tracks/54/enabled = true
tracks/54/path = NodePath("Armature/Skeleton3D:Lower Leg.R")
tracks/54/interp = 1
tracks/54/loop_wrap = true
tracks/54/keys = PackedFloat32Array(0, 1, 8.47716e-09, 0.418008, 1.0779e-08, 1.7, 1, 8.47716e-09, 0.418008, 1.0779e-08, 3.3, 1, 8.47716e-09, 0.418008, 1.0779e-08)
tracks/55/type = "position_3d"
tracks/55/imported = false
tracks/55/enabled = true
tracks/55/path = NodePath("Armature/Skeleton3D:Foot.R")
tracks/55/interp = 1
tracks/55/loop_wrap = true
tracks/55/keys = PackedFloat32Array(0, 1, -8.42963e-09, 0.449373, 2.40971e-08, 1.7, 1, -8.42963e-09, 0.449373, 2.40971e-08, 3.3, 1, -8.42963e-09, 0.449373, 2.40971e-08)
tracks/56/type = "position_3d"
tracks/56/imported = false
tracks/56/enabled = true
tracks/56/path = NodePath("Armature/Skeleton3D:Toes.R")
tracks/56/interp = 1
tracks/56/loop_wrap = true
tracks/56/keys = PackedFloat32Array(0, 1, -2.58004e-09, 0.119884, 5.32484e-09, 1.7, 1, -2.58004e-09, 0.119884, 5.32484e-09, 3.3, 1, -2.58004e-09, 0.119884, 5.32484e-09)
tracks/57/type = "rotation_3d"
tracks/57/imported = false
tracks/57/enabled = true
tracks/57/path = NodePath("Armature/Skeleton3D:Toes.R")
tracks/57/interp = 1
tracks/57/loop_wrap = true
tracks/57/keys = PackedFloat32Array(0, 1, 0.148679, -0.510471, -0.225325, 0.816421, 1.7, 1, 0.148679, -0.510471, -0.225325, 0.816421, 3.3, 1, 0.148679, -0.510471, -0.225325, 0.816421)
tracks/58/type = "position_3d"
tracks/58/imported = false
tracks/58/enabled = true
tracks/58/path = NodePath("Armature/Skeleton3D:Leg IK.L")
tracks/58/interp = 1
tracks/58/loop_wrap = true
tracks/58/keys = PackedFloat32Array(0, 1, 0.136148, 0.071331, -0.0438445, 1.7, 1, 0.136148, 0.071331, -0.0438445, 3.3, 1, 0.136148, 0.071331, -0.0438445)
tracks/59/type = "rotation_3d"
tracks/59/imported = false
tracks/59/enabled = true
tracks/59/path = NodePath("Armature/Skeleton3D:Leg IK.L")
tracks/59/interp = 1
tracks/59/loop_wrap = true
tracks/59/keys = PackedFloat32Array(0, 1, -0.70119, 6.71929e-08, -6.60823e-08, 0.712974, 1.7, 1, -0.70119, 6.71929e-08, -6.60823e-08, 0.712974, 3.3, 1, -0.70119, 6.71929e-08, -6.60823e-08, 0.712974)
tracks/60/type = "position_3d"
tracks/60/imported = false
tracks/60/enabled = true
tracks/60/path = NodePath("Armature/Skeleton3D:Pole Target.L")
tracks/60/interp = 1
tracks/60/loop_wrap = true
tracks/60/keys = PackedFloat32Array(0, 1, 0.110765, 0.519381, 0.51149, 1.7, 1, 0.110765, 0.519381, 0.51149, 3.3, 1, 0.110765, 0.519381, 0.51149)
tracks/61/type = "rotation_3d"
tracks/61/imported = false
tracks/61/enabled = true
tracks/61/path = NodePath("Armature/Skeleton3D:Pole Target.L")
tracks/61/interp = 1
tracks/61/loop_wrap = true
tracks/61/keys = PackedFloat32Array(0, 1, 2.64267e-06, 0.690148, 0.723668, 2.52027e-06, 1.7, 1, 2.64267e-06, 0.690148, 0.723668, 2.52027e-06, 3.3, 1, 2.64267e-06, 0.690148, 0.723668, 2.52027e-06)
tracks/62/type = "position_3d"
tracks/62/imported = false
tracks/62/enabled = true
tracks/62/path = NodePath("Armature/Skeleton3D:Leg IK.R")
tracks/62/interp = 1
tracks/62/loop_wrap = true
tracks/62/keys = PackedFloat32Array(0, 1, -0.136148, 0.071331, -0.0438445, 1.7, 1, -0.136148, 0.071331, -0.0438445, 3.3, 1, -0.136148, 0.071331, -0.0438445)
tracks/63/type = "rotation_3d"
tracks/63/imported = false
tracks/63/enabled = true
tracks/63/path = NodePath("Armature/Skeleton3D:Leg IK.R")
tracks/63/interp = 1
tracks/63/loop_wrap = true
tracks/63/keys = PackedFloat32Array(0, 1, -0.70119, 6.71929e-08, -6.60823e-08, 0.712974, 1.7, 1, -0.70119, 6.71929e-08, -6.60823e-08, 0.712974, 3.3, 1, -0.70119, 6.71929e-08, -6.60823e-08, 0.712974)
tracks/64/type = "position_3d"
tracks/64/imported = false
tracks/64/enabled = true
tracks/64/path = NodePath("Armature/Skeleton3D:Pole Target.R")
tracks/64/interp = 1
tracks/64/loop_wrap = true
tracks/64/keys = PackedFloat32Array(0, 1, -0.110765, 0.519381, 0.51149, 1.7, 1, -0.110765, 0.519381, 0.51149, 3.3, 1, -0.110765, 0.519381, 0.51149)
tracks/65/type = "rotation_3d"
tracks/65/imported = false
tracks/65/enabled = true
tracks/65/path = NodePath("Armature/Skeleton3D:Pole Target.R")
tracks/65/interp = 1
tracks/65/loop_wrap = true
tracks/65/keys = PackedFloat32Array(0, 1, -2.64267e-06, 0.690148, 0.723668, -2.52027e-06, 1.7, 1, 2.64267e-06, -0.690148, -0.723668, 2.52027e-06, 3.3, 1, 2.64267e-06, -0.690148, -0.723668, 2.52027e-06)
tracks/66/type = "scale_3d"
tracks/66/imported = false
tracks/66/enabled = true
tracks/66/path = NodePath("Armature/Skeleton3D:Hips")
tracks/66/interp = 1
tracks/66/loop_wrap = true
tracks/66/keys = PackedFloat32Array(0, 1, 1, 1, 1, 3.3, 1, 1, 1, 1)
tracks/67/type = "scale_3d"
tracks/67/imported = false
tracks/67/enabled = true
tracks/67/path = NodePath("Armature/Skeleton3D:Spine")
tracks/67/interp = 1
tracks/67/loop_wrap = true
tracks/67/keys = PackedFloat32Array(0, 1, 1, 1, 1, 3.3, 1, 1, 1, 1)
tracks/68/type = "scale_3d"
tracks/68/imported = false
tracks/68/enabled = true
tracks/68/path = NodePath("Armature/Skeleton3D:Chest")
tracks/68/interp = 1
tracks/68/loop_wrap = true
tracks/68/keys = PackedFloat32Array(0, 1, 1, 1, 1, 3.3, 1, 1, 1, 1)
tracks/69/type = "scale_3d"
tracks/69/imported = false
tracks/69/enabled = true
tracks/69/path = NodePath("Armature/Skeleton3D:Neck")
tracks/69/interp = 1
tracks/69/loop_wrap = true
tracks/69/keys = PackedFloat32Array(0, 1, 1, 1, 1, 3.3, 1, 1, 1, 1)
tracks/70/type = "scale_3d"
tracks/70/imported = false
tracks/70/enabled = true
tracks/70/path = NodePath("Armature/Skeleton3D:Head")
tracks/70/interp = 1
tracks/70/loop_wrap = true
tracks/70/keys = PackedFloat32Array(0, 1, 1, 1, 1, 3.3, 1, 1, 1, 1)
tracks/71/type = "scale_3d"
tracks/71/imported = false
tracks/71/enabled = true
tracks/71/path = NodePath("Armature/Skeleton3D:Shoulder.L")
tracks/71/interp = 1
tracks/71/loop_wrap = true
tracks/71/keys = PackedFloat32Array(0, 1, 1, 1, 1, 3.3, 1, 1, 1, 1)
tracks/72/type = "scale_3d"
tracks/72/imported = false
tracks/72/enabled = true
tracks/72/path = NodePath("Armature/Skeleton3D:Upper Arm.L")
tracks/72/interp = 1
tracks/72/loop_wrap = true
tracks/72/keys = PackedFloat32Array(0, 1, 1, 1, 1, 3.3, 1, 1, 1, 1)
tracks/73/type = "scale_3d"
tracks/73/imported = false
tracks/73/enabled = true
tracks/73/path = NodePath("Armature/Skeleton3D:Lower Arm.L")
tracks/73/interp = 1
tracks/73/loop_wrap = true
tracks/73/keys = PackedFloat32Array(0, 1, 1, 1, 1, 3.3, 1, 1, 1, 1)
tracks/74/type = "scale_3d"
tracks/74/imported = false
tracks/74/enabled = true
tracks/74/path = NodePath("Armature/Skeleton3D:Hand.L")
tracks/74/interp = 1
tracks/74/loop_wrap = true
tracks/74/keys = PackedFloat32Array(0, 1, 1, 1, 1, 3.3, 1, 1, 1, 1)
tracks/75/type = "scale_3d"
tracks/75/imported = false
tracks/75/enabled = true
tracks/75/path = NodePath("Armature/Skeleton3D:Fingers01.L")
tracks/75/interp = 1
tracks/75/loop_wrap = true
tracks/75/keys = PackedFloat32Array(0, 1, 1, 1, 1, 3.3, 1, 1, 1, 1)
tracks/76/type = "scale_3d"
tracks/76/imported = false
tracks/76/enabled = true
tracks/76/path = NodePath("Armature/Skeleton3D:Fingers02.L")
tracks/76/interp = 1
tracks/76/loop_wrap = true
tracks/76/keys = PackedFloat32Array(0, 1, 1, 1, 1, 3.3, 1, 1, 1, 1)
tracks/77/type = "scale_3d"
tracks/77/imported = false
tracks/77/enabled = true
tracks/77/path = NodePath("Armature/Skeleton3D:Thumb01.L")
tracks/77/interp = 1
tracks/77/loop_wrap = true
tracks/77/keys = PackedFloat32Array(0, 1, 1, 1, 1, 3.3, 1, 1, 1, 1)
tracks/78/type = "scale_3d"
tracks/78/imported = false
tracks/78/enabled = true
tracks/78/path = NodePath("Armature/Skeleton3D:Thumb02.L")
tracks/78/interp = 1
tracks/78/loop_wrap = true
tracks/78/keys = PackedFloat32Array(0, 1, 1, 1, 1, 3.3, 1, 1, 1, 1)
tracks/79/type = "scale_3d"
tracks/79/imported = false
tracks/79/enabled = true
tracks/79/path = NodePath("Armature/Skeleton3D:Shoulder.R")
tracks/79/interp = 1
tracks/79/loop_wrap = true
tracks/79/keys = PackedFloat32Array(0, 1, 1, 1, 1, 3.3, 1, 1, 1, 1)
tracks/80/type = "scale_3d"
tracks/80/imported = false
tracks/80/enabled = true
tracks/80/path = NodePath("Armature/Skeleton3D:Upper Arm.R")
tracks/80/interp = 1
tracks/80/loop_wrap = true
tracks/80/keys = PackedFloat32Array(0, 1, 1, 1, 1, 3.3, 1, 1, 1, 1)
tracks/81/type = "scale_3d"
tracks/81/imported = false
tracks/81/enabled = true
tracks/81/path = NodePath("Armature/Skeleton3D:Lower Arm.R")
tracks/81/interp = 1
tracks/81/loop_wrap = true
tracks/81/keys = PackedFloat32Array(0, 1, 1, 1, 1, 3.3, 1, 1, 1, 1)
tracks/82/type = "scale_3d"
tracks/82/imported = false
tracks/82/enabled = true
tracks/82/path = NodePath("Armature/Skeleton3D:Hand.R")
tracks/82/interp = 1
tracks/82/loop_wrap = true
tracks/82/keys = PackedFloat32Array(0, 1, 1, 1, 1, 3.3, 1, 1, 1, 1)
tracks/83/type = "scale_3d"
tracks/83/imported = false
tracks/83/enabled = true
tracks/83/path = NodePath("Armature/Skeleton3D:Fingers01.R")
tracks/83/interp = 1
tracks/83/loop_wrap = true
tracks/83/keys = PackedFloat32Array(0, 1, 1, 1, 1, 3.3, 1, 1, 1, 1)
tracks/84/type = "scale_3d"
tracks/84/imported = false
tracks/84/enabled = true
tracks/84/path = NodePath("Armature/Skeleton3D:Fingers02.R")
tracks/84/interp = 1
tracks/84/loop_wrap = true
tracks/84/keys = PackedFloat32Array(0, 1, 1, 1, 1, 3.3, 1, 1, 1, 1)
tracks/85/type = "scale_3d"
tracks/85/imported = false
tracks/85/enabled = true
tracks/85/path = NodePath("Armature/Skeleton3D:Thumb01.R")
tracks/85/interp = 1
tracks/85/loop_wrap = true
tracks/85/keys = PackedFloat32Array(0, 1, 1, 1, 1, 3.3, 1, 1, 1, 1)
tracks/86/type = "scale_3d"
tracks/86/imported = false
tracks/86/enabled = true
tracks/86/path = NodePath("Armature/Skeleton3D:Thumb02.R")
tracks/86/interp = 1
tracks/86/loop_wrap = true
tracks/86/keys = PackedFloat32Array(0, 1, 1, 1, 1, 3.3, 1, 1, 1, 1)
tracks/87/type = "scale_3d"
tracks/87/imported = false
tracks/87/enabled = true
tracks/87/path = NodePath("Armature/Skeleton3D:Upper Leg.L")
tracks/87/interp = 1
tracks/87/loop_wrap = true
