[gd_scene load_steps=58 format=3 uid="uid://emjyryyc1ten"]

[ext_resource type="Script" path="res://Player/Player.gd" id="1_lrww3"]
[ext_resource type="Skin" uid="uid://crjm41kmo0j3t" path="res://Player/Mesh/skin.tres" id="2_1jcqs"]
[ext_resource type="Script" path="res://Player/Camera.gd" id="2_3h36s"]
[ext_resource type="ArrayMesh" uid="uid://8joppvsyy8xg" path="res://Player/Mesh/Alpha_SurfaceMesh.tres" id="2_t0i3i"]
[ext_resource type="ArrayMesh" uid="uid://c4kd7bpdwntqf" path="res://Player/Mesh/Alpha_JointsMesh.tres" id="3_fr0wl"]
[ext_resource type="Animation" uid="uid://bondfjekfvnf" path="res://Player/Animations/idle.tres" id="4_c0dhv"]
[ext_resource type="Animation" uid="uid://cdbfafdil6d6g" path="res://Player/Animations/T-Pose.tres" id="4_ojmmg"]
[ext_resource type="Animation" uid="uid://cl0lghrsjb7ac" path="res://Player/Animations/jump.tres" id="5_4vjnl"]
[ext_resource type="Animation" uid="uid://osp7uim4sbfr" path="res://Player/Animations/new/Crouched Walking.tres" id="5_gopli"]
[ext_resource type="Animation" uid="uid://dk2jv6cp7kymw" path="res://Player/Animations/new/Walking Backward.tres" id="6_2fsol"]
[ext_resource type="Animation" uid="uid://ba14sxxx7oqt8" path="res://Player/Animations/new/Crouching Idle.tres" id="6_c5s4n"]
[ext_resource type="Animation" uid="uid://rbahkj5hfbaq" path="res://Player/Animations/new/Sprinting Forward Roll.tres" id="6_e54ir"]
[ext_resource type="Animation" uid="uid://deyml45b028v0" path="res://Player/Animations/left strafe.tres" id="8_ji7ms"]
[ext_resource type="Animation" uid="uid://bo1mefcibj33g" path="res://Player/Animations/left strafe walking.tres" id="9_defyi"]
[ext_resource type="Animation" uid="uid://bj75v8xjhlth3" path="res://Player/Animations/left turn.tres" id="10_63oki"]
[ext_resource type="Animation" uid="uid://bbob5quddupc1" path="res://Player/Animations/left turn 90.tres" id="11_0mnrj"]
[ext_resource type="Animation" uid="uid://dihjpx3yrmyxs" path="res://Player/Animations/right strafe.tres" id="12_43amy"]
[ext_resource type="Animation" uid="uid://cmwemlfi04xm5" path="res://Player/Animations/right strafe walking.tres" id="13_430an"]
[ext_resource type="Animation" uid="uid://d112gyis40o56" path="res://Player/Animations/right turn.tres" id="14_pdm14"]
[ext_resource type="Animation" uid="uid://lf7jyegeequ1" path="res://Player/Animations/right turn 90.tres" id="15_n2ugq"]
[ext_resource type="Animation" uid="uid://duppt5ivooa4t" path="res://Player/Animations/running.tres" id="16_tdbdc"]
[ext_resource type="Animation" uid="uid://bebd2imbloxa2" path="res://Player/Animations/walking.tres" id="17_yke1i"]
[ext_resource type="Texture2D" uid="uid://dpkisrpco54qj" path="res://Player/UI/Debug/circle.png" id="19_g4reo"]
[ext_resource type="Script" path="res://Player/Status.gd" id="19_pphtx"]
[ext_resource type="Texture2D" uid="uid://ijv6wr22hov8" path="res://Player/UI/Debug/direction.png" id="20_axcda"]
[ext_resource type="Texture2D" uid="uid://ck5riwbh478s4" path="res://Player/UI/Debug/velocity.png" id="21_yofel"]
[ext_resource type="Script" path="res://Player/AnimationTree.gd" id="22_wjarj"]

[sub_resource type="CapsuleShape3D" id="CapsuleShape3D_c35sx"]
radius = 0.375
height = 2.092

[sub_resource type="AnimationNodeAnimation" id="AnimationNodeAnimation_fjnvq"]
filters = []
animation = &"Crouched Walking"

[sub_resource type="AnimationNodeAnimation" id="AnimationNodeAnimation_javkw"]
filters = []
animation = &"idle"

[sub_resource type="AnimationNodeAnimation" id="AnimationNodeAnimation_qqag7"]
filters = []
animation = &"idle"

[sub_resource type="AnimationNodeAnimation" id="AnimationNodeAnimation_ly866"]
filters = []
animation = &"idle"

[sub_resource type="AnimationNodeAnimation" id="AnimationNodeAnimation_odenv"]
filters = []
animation = &"Crouching Idle"

[sub_resource type="AnimationNodeBlend3" id="AnimationNodeBlend3_jjb68"]

[sub_resource type="AnimationNodeTransition" id="AnimationNodeTransition_wykgt"]
input_count = 2
xfade_time = 0.2
input_0/name = "on_air"
input_0/auto_advance = false
input_1/name = "on_ground"
input_1/auto_advance = false

[sub_resource type="AnimationNodeTransition" id="AnimationNodeTransition_sjaqv"]
input_count = 2
xfade_time = 0.2
input_0/name = "on_air"
input_0/auto_advance = false
input_1/name = "on_ground"
input_1/auto_advance = false

[sub_resource type="AnimationNodeTransition" id="AnimationNodeTransition_334o3"]
input_count = 2
xfade_time = 0.1
input_0/name = "aiming"
input_0/auto_advance = false
input_1/name = "not_aiming"
input_1/auto_advance = false

[sub_resource type="AnimationNodeBlend2" id="AnimationNodeBlend2_64rp3"]
filters = []

[sub_resource type="AnimationNodeBlendSpace2D" id="AnimationNodeBlendSpace2D_v2alj"]

[sub_resource type="AnimationNodeTransition" id="AnimationNodeTransition_p6px6"]
input_count = 2
xfade_time = 0.2
input_0/name = "crouching"
input_0/auto_advance = false
input_1/name = "standing"
input_1/auto_advance = false

[sub_resource type="AnimationNodeAnimation" id="AnimationNodeAnimation_3gkat"]
filters = []
animation = &"idle"

[sub_resource type="AnimationNodeBlend2" id="AnimationNodeBlend2_607tx"]
filters = []

[sub_resource type="AnimationNodeOneShot" id="AnimationNodeOneShot_wjnv2"]
filters = []

[sub_resource type="AnimationNodeAnimation" id="AnimationNodeAnimation_5aejh"]
filters = []
animation = &"jump"

[sub_resource type="AnimationNodeBlendSpace1D" id="AnimationNodeBlendSpace1D_djqnp"]

[sub_resource type="AnimationNodeTimeScale" id="AnimationNodeTimeScale_qmrs1"]

[sub_resource type="AnimationNodeAnimation" id="AnimationNodeAnimation_plwn1"]
filters = []
animation = &"running"

[sub_resource type="AnimationNodeTimeScale" id="AnimationNodeTimeScale_c3h0q"]

[sub_resource type="AnimationNodeAnimation" id="AnimationNodeAnimation_gpt1r"]
filters = []
animation = &"idle"

[sub_resource type="AnimationNodeAnimation" id="AnimationNodeAnimation_1dvak"]
filters = []
animation = &"walking"

[sub_resource type="AnimationNodeAnimation" id="AnimationNodeAnimation_bxns2"]
filters = []
animation = &"right strafe walking"

[sub_resource type="AnimationNodeAnimation" id="AnimationNodeAnimation_da40r"]
filters = []
animation = &"left strafe walking"

[sub_resource type="AnimationNodeAnimation" id="AnimationNodeAnimation_4xpnw"]
filters = []
animation = &"Walking Backward"

[sub_resource type="AnimationNodeBlendSpace2D" id="AnimationNodeBlendSpace2D_n6ldp"]
blend_point_0/node = SubResource( "AnimationNodeAnimation_gpt1r" )
blend_point_0/pos = Vector2(0, 0)
blend_point_1/node = SubResource( "AnimationNodeAnimation_1dvak" )
blend_point_1/pos = Vector2(0, 1)
blend_point_2/node = SubResource( "AnimationNodeAnimation_bxns2" )
blend_point_2/pos = Vector2(1, 0)
blend_point_3/node = SubResource( "AnimationNodeAnimation_da40r" )
blend_point_3/pos = Vector2(-1, 0)
blend_point_4/node = SubResource( "AnimationNodeAnimation_4xpnw" )
blend_point_4/pos = Vector2(0, -1)

[sub_resource type="AnimationNodeTimeScale" id="AnimationNodeTimeScale_dod57"]

[sub_resource type="AnimationNodeBlend2" id="AnimationNodeBlend2_g4liw"]
filter_enabled = true
filters = ["Armature/Skeleton3D:LeftArm", "Armature/Skeleton3D:LeftForeArm", "Armature/Skeleton3D:LeftHand", "Armature/Skeleton3D:LeftHandIndex1", "Armature/Skeleton3D:LeftHandIndex2", "Armature/Skeleton3D:LeftHandIndex3", "Armature/Skeleton3D:LeftHandMiddle1", "Armature/Skeleton3D:LeftHandMiddle2", "Armature/Skeleton3D:LeftHandMiddle3", "Armature/Skeleton3D:LeftHandPinky1", "Armature/Skeleton3D:LeftHandPinky2", "Armature/Skeleton3D:LeftHandPinky3", "Armature/Skeleton3D:LeftHandRing1", "Armature/Skeleton3D:LeftHandRing2", "Armature/Skeleton3D:LeftHandRing3", "Armature/Skeleton3D:LeftHandThumb1", "Armature/Skeleton3D:LeftHandThumb2", "Armature/Skeleton3D:LeftHandThumb3", "Armature/Skeleton3D:LeftShoulder", "Armature/Skeleton3D:RightArm", "Armature/Skeleton3D:RightForeArm", "Armature/Skeleton3D:RightHand", "Armature/Skeleton3D:RightHandIndex1", "Armature/Skeleton3D:RightHandIndex2", "Armature/Skeleton3D:RightHandIndex3", "Armature/Skeleton3D:RightHandMiddle1", "Armature/Skeleton3D:RightHandMiddle2", "Armature/Skeleton3D:RightHandMiddle3", "Armature/Skeleton3D:RightHandPinky1", "Armature/Skeleton3D:RightHandPinky2", "Armature/Skeleton3D:RightHandPinky3", "Armature/Skeleton3D:RightHandRing1", "Armature/Skeleton3D:RightHandRing2", "Armature/Skeleton3D:RightHandRing3", "Armature/Skeleton3D:RightHandThumb1", "Armature/Skeleton3D:RightHandThumb2", "Armature/Skeleton3D:RightHandThumb3", "Armature/Skeleton3D:RightShoulder"]

[sub_resource type="AnimationNodeBlendTree" id="AnimationNodeBlendTree_0lbxf"]
graph_offset = Vector2(-593.136, -179.107)
nodes/Animation/node = SubResource( "AnimationNodeAnimation_odenv" )
nodes/Animation/position = Vector2(-200, 0)
"nodes/Animation 2/node" = SubResource( "AnimationNodeAnimation_fjnvq" )
"nodes/Animation 2/position" = Vector2(-260, 120)
"nodes/Animation 3/node" = SubResource( "AnimationNodeAnimation_javkw" )
"nodes/Animation 3/position" = Vector2(160, 820)
"nodes/Animation 4/node" = SubResource( "AnimationNodeAnimation_qqag7" )
"nodes/Animation 4/position" = Vector2(160, 960)
"nodes/Animation 5/node" = SubResource( "AnimationNodeAnimation_ly866" )
"nodes/Animation 5/position" = Vector2(340, 640)
nodes/IWR_blend/node = SubResource( "AnimationNodeBlend3_jjb68" )
nodes/IWR_blend/position = Vector2(40, 300)
nodes/ag_trans/node = SubResource( "AnimationNodeTransition_wykgt" )
nodes/ag_trans/position = Vector2(646.419, 147.559)
nodes/ag_weapon_trans/node = SubResource( "AnimationNodeTransition_sjaqv" )
nodes/ag_weapon_trans/position = Vector2(580, 620)
nodes/aim_transition/node = SubResource( "AnimationNodeTransition_334o3" )
nodes/aim_transition/position = Vector2(960, 600)
nodes/crouch_iw_blend/node = SubResource( "AnimationNodeBlend2_64rp3" )
nodes/crouch_iw_blend/position = Vector2(20, 60)
nodes/crouch_walk/node = SubResource( "AnimationNodeBlendSpace2D_v2alj" )
nodes/crouch_walk/position = Vector2(-520, 120)
nodes/cs_trans/node = SubResource( "AnimationNodeTransition_p6px6" )
nodes/cs_trans/position = Vector2(280, 200)
nodes/idle/node = SubResource( "AnimationNodeAnimation_3gkat" )
nodes/idle/position = Vector2(-400, 300)
nodes/ir_rifle_blend/node = SubResource( "AnimationNodeBlend2_607tx" )
nodes/ir_rifle_blend/position = Vector2(380, 800)
nodes/jump/node = SubResource( "AnimationNodeAnimation_5aejh" )
nodes/jump/position = Vector2(1220, 700)
"nodes/jump 2/node" = SubResource( "AnimationNodeOneShot_wjnv2" )
"nodes/jump 2/position" = Vector2(1620, 500)
nodes/jump_blend/node = SubResource( "AnimationNodeBlendSpace1D_djqnp" )
nodes/jump_blend/position = Vector2(340, 0)
nodes/jump_scale/node = SubResource( "AnimationNodeTimeScale_qmrs1" )
nodes/jump_scale/position = Vector2(1400, 660)
nodes/output/position = Vector2(1420, 160)
nodes/run/node = SubResource( "AnimationNodeAnimation_plwn1" )
nodes/run/position = Vector2(-380, 580)
nodes/run_scale/node = SubResource( "AnimationNodeTimeScale_c3h0q" )
nodes/run_scale/position = Vector2(-160, 560)
nodes/walk/node = SubResource( "AnimationNodeBlendSpace2D_n6ldp" )
nodes/walk/position = Vector2(-400, 420)
nodes/walk_scale/node = SubResource( "AnimationNodeTimeScale_dod57" )
nodes/walk_scale/position = Vector2(-180, 380)
nodes/weapon-blend/node = SubResource( "AnimationNodeBlend2_g4liw" )
nodes/weapon-blend/position = Vector2(860, 160)
node_connections = [&"output", 0, &"weapon-blend", &"IWR_blend", 0, &"idle", &"IWR_blend", 1, &"walk_scale", &"IWR_blend", 2, &"run_scale", &"ag_trans", 0, &"jump_blend", &"ag_trans", 1, &"cs_trans", &"ag_weapon_trans", 0, &"Animation 5", &"ag_weapon_trans", 1, &"ir_rifle_blend", &"crouch_iw_blend", 0, &"Animation", &"crouch_iw_blend", 1, &"Animation 2", &"cs_trans", 0, &"crouch_iw_blend", &"cs_trans", 1, &"IWR_blend", &"ir_rifle_blend", 0, &"Animation 3", &"ir_rifle_blend", 1, &"Animation 4", &"jump 2", 1, &"jump_scale", &"jump_scale", 0, &"jump", &"run_scale", 0, &"run", &"walk_scale", 0, &"walk", &"weapon-blend", 0, &"ag_trans", &"weapon-blend", 1, &"ag_weapon_trans"]

[node name="Player" type="CharacterBody3D"]
transform = Transform3D(0.987165, 0, 0, 0, 0.987165, 0, 0, 0, 0.987165, 0, 0, 0)
script = ExtResource( "1_lrww3" )
DesiredRotationMode = 1
OnePressJump = true

[node name="CollisionShape3D" type="CollisionShape3D" parent="."]
transform = Transform3D(1, 0, 0, 0, 0.947755, 0, 0, 0, 1, 0, 1.00202, 0)
shape = SubResource( "CapsuleShape3D_c35sx" )
script = null

[node name="Armature" type="Node3D" parent="."]
script = null

[node name="Skeleton3D" type="Skeleton3D" parent="Armature"]
bones/0/name = "Hips"
bones/0/parent = -1
bones/0/rest = Transform3D(0.999429, -0.00369013, 0.0335912, 0.00482731, 0.999416, -0.0338355, -0.0334467, 0.0339783, 0.998863, 8.60314e-07, 0.996613, 0.0024818)
bones/0/enabled = true
bones/0/pose = Transform3D(0.999954, 0.00241599, 0.00928913, -0.00177612, 0.997664, -0.0682848, -0.0094324, 0.0682651, 0.997623, -0.000783329, 0.016344, 0.0055398)
bones/1/name = "Spine"
bones/1/parent = 0
bones/1/rest = Transform3D(0.999723, 0.00567487, -0.022825, -0.00809519, 0.994184, -0.107385, 0.0220829, 0.10754, 0.993955, 6.11398e-09, 0.0992345, -0.0122733)
bones/1/enabled = true
bones/1/pose = Transform3D(0.99943, 0.00563586, -0.0332815, -0.0011493, 0.991073, 0.133314, 0.0337357, -0.1332, 0.990515, 8.14907e-10, 1.11759e-07, -1.67638e-08)
bones/2/name = "Spine1"
bones/2/parent = 1
bones/2/rest = Transform3D(0.998877, -0.0214878, -0.0422151, 0.0196469, 0.998858, -0.0435486, 0.0431027, 0.0426704, 0.998159, -1.38912e-06, 0.116454, -0.0142234)
bones/2/enabled = true
bones/2/pose = Transform3D(0.999933, 0.00665174, -0.00942536, -0.00649761, 0.999846, 0.0162898, 0.00953227, -0.0162275, 0.999823, 0, 0, 0)
bones/3/name = "Spine2"
bones/3/parent = 2
bones/3/rest = Transform3D(0.998867, -0.023401, -0.0414443, 0.0216126, 0.998838, -0.0430852, 0.0424043, 0.0421407, 0.998211, 9.14407e-07, 0.133602, -0.0162646)
bones/3/enabled = true
bones/3/pose = Transform3D(0.999936, 0.00660435, -0.00920555, -0.00645332, 0.999846, 0.0163415, 0.00931205, -0.016281, 0.999824, -2.67755e-09, -1.19209e-07, 1.86265e-09)
bones/4/name = "Neck"
bones/4/parent = 3
bones/4/rest = Transform3D(0.999301, 0.00414202, 0.0371525, -0.00445389, 0.999956, 0.00831556, -0.0371164, -0.00847522, 0.999275, 2.53883e-07, 0.150325, 0.00792903)
bones/4/enabled = true
bones/4/pose = Transform3D(0.999963, 0.00474704, 0.00720658, -0.00461151, 0.999814, -0.0187081, -0.00729405, 0.0186741, 0.999799, -1.86265e-09, 0, 0)
bones/5/name = "Head"
bones/5/parent = 4
bones/5/rest = Transform3D(0.99634, 0.0326466, 0.0789988, -0.0370961, 0.997768, 0.0555274, -0.0770097, -0.0582547, 0.995327, 2.74328e-08, 0.103218, 0.0314243)
bones/5/enabled = true
bones/5/pose = Transform3D(0.99781, -0.029083, 0.059411, 0.0346815, 0.994826, -0.0954863, -0.0563266, 0.0973377, 0.993656, -7.68341e-09, 1.11759e-07, 7.45058e-09)
bones/6/name = "HeadTop_End"
bones/6/parent = 5
bones/6/rest = Transform3D(1, -2.06795e-24, -6.98492e-10, -4.1359e-25, 1, -3.55271e-15, 6.98492e-10, 3.55271e-15, 1, 1.54312e-06, 0.184747, 0.066364)
bones/6/enabled = true
bones/6/pose = Transform3D(1, 0, 0, 0, 1, 0, 0, 0, 1, 0, 0, 0)
bones/7/name = "LeftEye"
bones/7/parent = 5
bones/7/rest = Transform3D(1, 2.07443e-17, 1.22236e-09, 5.01818e-17, 1, -5.80239e-08, -1.22236e-09, 5.80239e-08, 1, 0.0294792, 0.0768176, 0.0912073)
bones/7/enabled = true
bones/7/pose = Transform3D(1, 0, 0, 0, 1, 0, 0, 0, 1, 0, 0, 0)
bones/8/name = "RightEye"
bones/8/parent = 5
bones/8/rest = Transform3D(1, 2.07443e-17, 1.22236e-09, 5.01818e-17, 1, -5.80239e-08, -1.22236e-09, 5.80239e-08, 1, -0.0294448, 0.0768175, 0.0912049)
bones/8/enabled = true
bones/8/pose = Transform3D(1, 0, 0, 0, 1, 0, 0, 0, 1, 0, 0, 0)
bones/9/name = "LeftShoulder"
bones/9/parent = 3
bones/9/rest = Transform3D(0.956289, 0.245191, -0.159351, -0.249309, 0.968405, -0.00607143, 0.152828, 0.0455336, 0.987203, 0.0610582, 0.091104, 0.00705548)
bones/9/enabled = true
bones/9/pose = Transform3D(0.943504, -0.325757, 0.0606833, 0.324413, 0.945404, 0.0310999, -0.0675013, -0.00965646, 0.997672, -6.89179e-08, 2.23517e-07, -2.79397e-09)
bones/10/name = "LeftArm"
bones/10/parent = 9
bones/10/rest = Transform3D(0.488414, 0.768271, -0.413776, -0.868258, 0.475176, -0.142602, 0.0870595, 0.428914, 0.899141, 0.12655, -0.00265921, -0.0260093)
bones/10/enabled = true
bones/10/pose = Transform3D(0.447614, -0.892258, -0.059301, 0.894211, 0.447015, 0.0237567, 0.0053113, -0.0636614, 0.997957, 1.60187e-07, -1.49012e-08, 2.42144e-08)
bones/11/name = "LeftForeArm"
bones/11/parent = 10
bones/11/rest = Transform3D(0.981422, -1.18477e-07, -0.19186, 1.05073e-07, 1, -8.00358e-08, 0.19186, 5.83895e-08, 0.981422, 0.274047, 3.50824e-07, 3.85561e-08)
bones/11/enabled = true
bones/11/pose = Transform3D(0.993599, 3.75792e-08, 0.112967, -5.32624e-08, 1, 1.35812e-07, -0.112967, -1.40959e-07, 0.993599, 1.19209e-07, -3.35749e-08, -1.11759e-08)
bones/12/name = "LeftHand"
bones/12/parent = 11
bones/12/rest = Transform3D(0.981049, 0.183501, 0.0622021, -0.180068, 0.982003, -0.0569645, -0.0715357, 0.0446844, 0.996437, 0.276145, 2.01823e-07, 2.13892e-07)
bones/12/enabled = true
bones/12/pose = Transform3D(0.992598, 0.0609373, 0.105049, -0.075818, 0.986662, 0.144049, -0.0948703, -0.150948, 0.983979, 5.96046e-08, -2.04891e-08, -1.11759e-08)
bones/13/name = "LeftHandMiddle1"
bones/13/parent = 12
bones/13/rest = Transform3D(0.891022, 0.447173, 0.0782045, -0.448003, 0.894, -0.00756189, -0.0732963, -0.0282981, 0.996909, 0.127755, 2.46914e-07, 2.04652e-07)
bones/13/enabled = true
bones/13/pose = Transform3D(0.783187, -0.613459, -0.101423, 0.612292, 0.789295, -0.0459596, 0.108247, -0.0261057, 0.993781, -5.21541e-08, -1.49012e-08, -3.72529e-09)
bones/14/name = "LeftHandMiddle2"
bones/14/parent = 13
bones/14/rest = Transform3D(0.978288, 0.206168, 0.021117, -0.206168, 0.978514, -0.0022008, -0.021117, -0.00220063, 0.999775, 0.0361397, -4.39579e-09, 2.23516e-08)
bones/14/enabled = true
bones/14/pose = Transform3D(0.854446, -0.516836, -0.0529366, 0.516836, 0.855957, -0.0147535, 0.0529366, -0.0147535, 0.998489, 2.23517e-08, 7.63685e-08, -8.96398e-09)
bones/15/name = "LeftHandMiddle3"
bones/15/parent = 14
bones/15/rest = Transform3D(0.97046, 0.240006, 0.0245825, -0.240006, 0.970767, -0.00299422, -0.0245825, -0.00299417, 0.999693, 0.0345977, 2.54065e-08, -2.64496e-07)
bones/15/enabled = true
bones/15/pose = Transform3D(0.935803, -0.350688, -0.0359191, 0.350688, 0.93647, -0.00650712, 0.0359191, -0.00650702, 0.999334, 7.45058e-08, -2.8871e-08, 4.7381e-08)
bones/16/name = "LeftHandMiddle4"
bones/16/parent = 15
bones/16/rest = Transform3D(1, -8.9407e-08, 8.19564e-08, 8.9407e-08, 1, 3.72529e-08, -8.19564e-08, -3.72529e-08, 1, 0.0368019, 1.14814e-07, 3.27826e-07)
bones/16/enabled = true
bones/16/pose = Transform3D(1, 0, 0, 0, 1, 0, 0, 0, 1, 0, 0, 0)
bones/17/name = "LeftHandThumb1"
bones/17/parent = 12
bones/17/rest = Transform3D(0.980212, -0.18785, 0.0624307, 0.19305, 0.976906, -0.0915801, -0.0437855, 0.10182, 0.993839, 0.0378883, -0.0216697, 0.0300309)
bones/17/enabled = true
bones/17/pose = Transform3D(0.971449, 0.236873, 0.0133562, -0.235845, 0.970284, -0.0540941, -0.0257727, 0.0493997, 0.998447, 5.58794e-08, -1.86265e-08, 1.30385e-08)
bones/18/name = "LeftHandThumb2"
bones/18/parent = 17
bones/18/rest = Transform3D(0.983252, -0.109726, 0.145517, 0.126509, 0.985671, -0.111572, -0.131189, 0.128113, 0.983044, 0.0367545, -0.0212202, 0.0212201)
bones/18/enabled = true
bones/18/pose = Transform3D(0.934626, -0.00391915, -0.355611, 0.113819, 0.950641, 0.288664, 0.336927, -0.310268, 0.88894, 5.96046e-08, -5.12227e-08, 3.35276e-08)
bones/19/name = "LeftHandThumb3"
bones/19/parent = 18
bones/19/rest = Transform3D(0.923686, -0.361326, -0.127464, 0.359906, 0.932339, -0.0348203, 0.131421, -0.013712, 0.991232, 0.0339435, -0.0195974, 0.019598)
bones/19/enabled = true
bones/19/pose = Transform3D(0.921103, 0.31516, 0.228568, -0.213087, 0.899468, -0.381511, -0.325827, 0.302706, 0.895659, -9.31323e-09, -2.6077e-08, -9.31323e-09)
bones/20/name = "LeftHandThumb4"
bones/20/parent = 19
bones/20/rest = Transform3D(1, -2.98023e-08, -1.86265e-07, 2.98023e-08, 1, -3.06493e-08, 1.86265e-07, 3.06493e-08, 1, 0.026794, -0.0154692, 0.0154692)
bones/20/enabled = true
bones/20/pose = Transform3D(1, 0, 0, 0, 1, 0, 0, 0, 1, 0, 0, 0)
bones/21/name = "LeftHandIndex1"
bones/21/parent = 12
bones/21/rest = Transform3D(0.950143, 0.303273, -0.0724768, -0.30115, 0.952784, 0.0388788, 0.0808456, -0.015114, 0.996612, 0.122666, -0.0023166, 0.0282206)
bones/21/enabled = true
bones/21/pose = Transform3D(0.874561, -0.484214, -0.0260652, 0.483418, 0.874821, -0.0315311, 0.0380702, 0.0149755, 0.999163, -2.98023e-08, -7.07805e-08, 1.11759e-08)
bones/22/name = "LeftHandIndex2"
bones/22/parent = 21
bones/22/rest = Transform3D(0.965131, 0.260404, 0.0266719, -0.260404, 0.965493, -0.00353421, -0.0266719, -0.00353448, 0.999638, 0.0389196, 2.64479e-08, 3.74231e-07)
bones/22/enabled = true
bones/22/pose = Transform3D(0.871855, -0.487215, -0.0499028, 0.487215, 0.873185, -0.0129888, 0.0499027, -0.0129891, 0.99867, 1.86265e-08, -3.35276e-08, 8.73115e-09)
bones/23/name = "LeftHandIndex3"
bones/23/parent = 22
bones/23/rest = Transform3D(0.965131, 0.260404, 0.0266717, -0.260404, 0.965493, -0.00353438, -0.0266717, -0.00353427, 0.999638, 0.0341516, -2.30189e-09, -7.26438e-08)
bones/23/enabled = true
bones/23/pose = Transform3D(0.957847, -0.285784, -0.0292712, 0.285784, 0.958285, -0.00427263, 0.0292712, -0.00427269, 0.999562, 5.21541e-08, 2.51457e-08, 8.03266e-09)
bones/24/name = "LeftHandIndex4"
bones/24/parent = 23
bones/24/rest = Transform3D(1, -2.98023e-08, -2.04891e-08, 2.98023e-08, 1, -7.45058e-09, 2.04891e-08, 7.45058e-09, 1, 0.0307798, -3.21042e-08, -8.75443e-08)
bones/24/enabled = true
bones/24/pose = Transform3D(1, 0, 0, 0, 1, 0, 0, 0, 1, 0, 0, 0)
bones/25/name = "LeftHandRing1"
bones/25/parent = 12
bones/25/rest = Transform3D(0.881184, 0.457724, 0.11834, -0.457783, 0.888614, -0.0283, -0.118112, -0.0292363, 0.99257, 0.12147, 9.9069e-05, -0.0221663)
bones/25/enabled = true
bones/25/pose = Transform3D(0.761254, -0.62542, -0.171297, 0.627669, 0.777025, -0.0475809, 0.16286, -0.0712966, 0.98407, -4.47035e-08, -5.21541e-08, 7.45058e-09)
bones/26/name = "LeftHandRing2"
bones/26/parent = 25
bones/26/rest = Transform3D(0.943103, 0.330769, 0.0338789, -0.330769, 0.943694, -0.00576722, -0.0338789, -0.005767, 0.999409, 0.0360119, -5.12372e-08, 3.24777e-07)
bones/26/enabled = true
bones/26/pose = Transform3D(0.750743, -0.657156, -0.0673089, 0.657156, 0.753331, -0.0252649, 0.0673089, -0.025265, 0.997412, 3.72529e-09, -5.58794e-09, 5.3551e-09)
bones/27/name = "LeftHandRing3"
bones/27/parent = 26
bones/27/rest = Transform3D(0.930947, 0.363253, 0.0372058, -0.363253, 0.931664, -0.00699916, -0.0372057, -0.00699927, 0.999283, 0.0330731, 3.52243e-08, -2.18864e-07)
bones/27/enabled = true
bones/27/pose = Transform3D(0.961959, -0.271772, -0.0278358, 0.271772, 0.962354, -0.00385589, 0.0278358, -0.0038558, 0.999605, -1.86265e-08, 5.96046e-08, -2.09548e-09)
bones/28/name = "LeftHandRing4"
bones/28/parent = 27
bones/28/rest = Transform3D(1, -1.49012e-08, 7.45058e-09, 1.49012e-08, 1, -1.49009e-08, -7.45058e-09, 1.49009e-08, 1, 0.0366012, -8.22172e-08, -3.12509e-08)
bones/28/enabled = true
bones/28/pose = Transform3D(1, 0, 0, 0, 1, 0, 0, 0, 1, 0, 0, 0)
bones/29/name = "LeftHandPinky1"
bones/29/parent = 12
bones/29/rest = Transform3D(0.818999, 0.553536, 0.151126, -0.553225, 0.831647, -0.0480156, -0.152262, -0.044282, 0.987348, 0.109082, -0.00226368, -0.0472582)
bones/29/enabled = true
bones/29/pose = Transform3D(0.801143, -0.586218, -0.120488, 0.58551, 0.809417, -0.0449649, 0.123884, -0.0345235, 0.991696, 1.11759e-07, 5.21541e-08, 1.49012e-08)
bones/30/name = "LeftHandPinky2"
bones/30/parent = 29
bones/30/rest = Transform3D(0.952189, 0.303921, 0.0311287, -0.303921, 0.952685, -0.00484626, -0.0311287, -0.00484611, 0.999504, 0.0413666, -4.5599e-08, 2.37348e-07)
bones/30/enabled = true
bones/30/pose = Transform3D(0.87815, -0.475895, -0.0487433, 0.475895, 0.879415, -0.0123508, 0.0487433, -0.0123508, 0.998735, 5.21541e-08, 2.6077e-08, -1.00117e-08)
bones/31/name = "LeftHandPinky3"
bones/31/parent = 30
bones/31/rest = Transform3D(0.952189, 0.303921, 0.0311291, -0.303921, 0.952685, -0.00484625, -0.0311291, -0.00484623, 0.999503, 0.0259483, -8.68004e-09, -3.51621e-07)
bones/31/enabled = true
bones/31/pose = Transform3D(0.940592, -0.337773, -0.0345961, 0.337773, 0.941208, -0.00602149, 0.034596, -0.00602185, 0.999383, -6.70552e-08, 8.3819e-09, 1.97324e-08)
bones/32/name = "LeftHandPinky4"
bones/32/parent = 31
bones/32/rest = Transform3D(1, 2.98023e-08, -3.72529e-08, -2.98023e-08, 1, 5.55112e-16, 3.72529e-08, 5.55112e-16, 1, 0.0292387, -9.46456e-08, 2.16196e-07)
bones/32/enabled = true
bones/32/pose = Transform3D(1, 0, 0, 0, 1, 0, 0, 0, 1, 0, 0, 0)
bones/33/name = "RightShoulder"
bones/33/parent = 3
bones/33/rest = Transform3D(0.960104, -0.270185, 0.0721104, 0.271547, 0.962377, -0.00961707, -0.066799, 0.0288147, 0.99735, -0.061057, 0.0911051, 0.00705561)
bones/33/enabled = true
bones/33/pose = Transform3D(0.966076, 0.253112, -0.051289, -0.251342, 0.967131, 0.0385471, 0.0593599, -0.0243484, 0.99794, -3.72529e-09, 0, 2.98023e-08)
bones/34/name = "RightArm"
bones/34/parent = 33
bones/34/rest = Transform3D(0.571667, -0.668124, 0.476242, 0.773018, 0.633143, -0.0396662, -0.275027, 0.390819, 0.878419, -0.12655, -0.00266028, -0.026009)
bones/34/enabled = true
bones/34/pose = Transform3D(0.443509, 0.881245, -0.163424, -0.857835, 0.470198, 0.207446, 0.259652, 0.048187, 0.964499, 2.49594e-07, 8.9407e-08, 7.45058e-09)
bones/35/name = "RightForeArm"
bones/35/parent = 34
bones/35/rest = Transform3D(0.919144, -2.75476e-07, 0.393922, 2.90701e-07, 1, 2.10191e-08, -0.393922, 9.51939e-08, 0.919144, -0.274047, 3.50824e-07, 5.34572e-08)
bones/35/enabled = true
bones/35/pose = Transform3D(0.973898, -1.14736e-07, -0.226988, 1.41327e-07, 1, 1.00893e-07, 0.226988, -1.30339e-07, 0.973898, -2.08616e-07, -1.76515e-08, -4.84288e-08)
bones/36/name = "RightHand"
bones/36/parent = 35
bones/36/rest = Transform3D(0.994562, -0.102849, 0.0163657, 0.102444, 0.994451, 0.023908, -0.0187338, -0.0221014, 0.99958, -0.276145, 1.12416e-07, 1.8409e-07)
bones/36/enabled = true
bones/36/pose = Transform3D(0.998843, -0.0115432, -0.0466852, 0.0121294, 0.999851, 0.0122928, 0.0465364, -0.0128449, 0.998834, 5.96046e-08, 1.28057e-08, 1.30385e-08)
bones/37/name = "RightHandMiddle1"
bones/37/parent = 36
bones/37/rest = Transform3D(0.925749, -0.378095, -0.00569714, 0.378132, 0.925547, 0.0194498, -0.00208088, -0.0201599, 0.999795, -0.127755, 5.31989e-08, 1.78575e-07)
bones/37/enabled = true
bones/37/pose = Transform3D(0.811143, 0.577092, 0.0949303, -0.576411, 0.816311, -0.0372449, -0.0989864, -0.0245079, 0.994787, 7.45058e-09, 7.45058e-09, 2.6077e-08)
bones/38/name = "RightHandMiddle2"
bones/38/parent = 37
bones/38/rest = Transform3D(0.815133, -0.577364, -0.0470033, 0.577364, 0.81635, -0.0149512, 0.0470034, -0.0149509, 0.998783, -0.0361397, 5.52089e-08, 4.47036e-08)
bones/38/enabled = true
bones/38/pose = Transform3D(0.786285, 0.615827, 0.0501346, -0.615827, 0.787692, -0.017284, -0.0501346, -0.0172841, 0.998593, -1.49012e-08, -2.04891e-08, 1.11759e-08)
bones/39/name = "RightHandMiddle3"
bones/39/parent = 38
bones/39/rest = Transform3D(0.936168, -0.350393, -0.0285256, 0.350393, 0.936589, -0.00516237, 0.0285256, -0.00516232, 0.99958, -0.0345976, -4.39578e-09, -2.6077e-07)
bones/39/enabled = true
bones/39/pose = Transform3D(0.967544, 0.251871, 0.0205049, -0.251871, 0.967757, -0.00262505, -0.020505, -0.00262475, 0.999786, 0, 1.02445e-08, -9.31323e-10)
bones/40/name = "RightHandMiddle4"
bones/40/parent = 39
bones/40/rest = Transform3D(1, 3.33067e-16, -2.98023e-08, 3.33067e-16, 1, 2.23517e-08, 2.98023e-08, -2.23517e-08, 1, -0.0368019, -4.39576e-09, 3.241e-07)
bones/40/enabled = true
bones/40/pose = Transform3D(1, 0, 0, 0, 1, 0, 0, 0, 1, 0, 0, 0)
bones/41/name = "RightHandThumb1"
bones/41/parent = 36
bones/41/rest = Transform3D(0.996327, 0.0665094, -0.0539388, -0.0767456, 0.972948, -0.217906, 0.0379868, 0.221245, 0.974478, -0.0378883, -0.0216697, 0.0300309)
bones/41/enabled = true
bones/41/pose = Transform3D(0.984957, -0.162501, -0.0587649, 0.150946, 0.974647, -0.165165, 0.0841145, 0.15381, 0.984514, -5.21541e-08, -4.09782e-08, 5.58794e-09)
bones/42/name = "RightHandThumb2"
bones/42/parent = 41
bones/42/rest = Transform3D(0.936031, 0.13294, -0.325843, -0.167976, 0.982397, -0.0817269, 0.309242, 0.131233, 0.941885, -0.0367545, -0.0212203, 0.0212201)
bones/42/enabled = true
bones/42/pose = Transform3D(0.882842, -0.166596, 0.439132, 0.0222256, 0.948748, 0.31525, -0.469145, -0.268555, 0.841297, 5.58794e-08, -2.98023e-08, -2.23517e-08)
bones/43/name = "RightHandThumb3"
bones/43/parent = 42
bones/43/rest = Transform3D(0.977315, 0.210019, -0.0273527, -0.194386, 0.940753, 0.277844, 0.0840847, -0.266224, 0.960237, -0.0339436, -0.0195974, 0.0195979)
bones/43/enabled = true
bones/43/pose = Transform3D(0.930446, -0.245806, -0.271753, 0.207232, 0.96462, -0.162982, 0.302201, 0.09533, 0.948466, 4.47035e-08, 7.07805e-08, 1.86265e-08)
bones/44/name = "RightHandThumb4"
bones/44/parent = 43
bones/44/rest = Transform3D(1, -4.16792e-16, -4.65661e-09, 7.86803e-16, 1, 7.94593e-08, 4.65661e-09, -7.94593e-08, 1, -0.026794, -0.0154695, 0.0154692)
bones/44/enabled = true
bones/44/pose = Transform3D(1, 0, 0, 0, 1, 0, 0, 0, 1, 0, 0, 0)
bones/45/name = "RightHandIndex1"
bones/45/parent = 36
bones/45/rest = Transform3D(0.932592, -0.35412, 0.0697928, 0.351653, 0.935032, 0.0453385, -0.0813138, -0.0177395, 0.99653, -0.122666, -0.00231672, 0.0282206)
bones/45/enabled = true
bones/45/pose = Transform3D(0.923123, 0.382928, 0.0347885, -0.382415, 0.92376, -0.0206322, -0.0400369, 0.00574245, 0.999182, 5.96046e-08, -7.45058e-09, 1.49012e-08)
bones/46/name = "RightHandIndex2"
bones/46/parent = 45
bones/46/rest = Transform3D(0.914871, -0.402415, -0.0327607, 0.402415, 0.915431, -0.00688467, 0.0327607, -0.00688481, 0.99944, -0.0389197, -3.31567e-08, 4.04034e-07)
bones/46/enabled = true
bones/46/pose = Transform3D(0.753413, 0.65538, 0.0533547, -0.65538, 0.755036, -0.0199425, -0.0533546, -0.0199426, 0.998376, -9.31323e-09, -9.31323e-09, 6.98492e-09)
bones/47/name = "RightHandIndex3"
bones/47/parent = 46
bones/47/rest = Transform3D(0.98321, -0.181873, -0.0148065, 0.181873, 0.983321, -0.00135804, 0.0148066, -0.00135767, 0.999889, -0.0341514, 1.25993e-08, -8.56823e-08)
bones/47/enabled = true
bones/47/pose = Transform3D(0.947874, 0.317595, 0.0258558, -0.317595, 0.948217, -0.00421563, -0.0258557, -0.00421576, 0.999657, -5.58794e-08, 3.35276e-08, -6.40284e-09)
bones/48/name = "RightHandIndex4"
bones/48/parent = 47
bones/48/rest = Transform3D(1, 2.98023e-08, -1.49012e-08, -2.98023e-08, 1, 7.45058e-09, 1.49012e-08, -7.45058e-09, 1, -0.03078, 1.25993e-08, -8.75443e-08)
bones/48/enabled = true
bones/48/pose = Transform3D(1, 0, 0, 0, 1, 0, 0, 0, 1, 0, 0, 0)
bones/49/name = "RightHandRing1"
bones/49/parent = 36
bones/49/rest = Transform3D(0.910086, -0.41196, -0.0450864, 0.412568, 0.910915, 0.00469446, 0.0391359, -0.0228736, 0.998972, -0.12147, 9.90541e-05, -0.0221663)
bones/49/enabled = true
bones/49/pose = Transform3D(0.738441, 0.657207, 0.150944, -0.658894, 0.750844, -0.0457467, -0.1434, -0.0656748, 0.987483, 7.45058e-09, 1.49012e-08, -1.86265e-09)
bones/50/name = "RightHandRing2"
bones/50/parent = 49
bones/50/rest = Transform3D(0.675823, -0.734633, -0.0598065, 0.734633, 0.677958, -0.0262177, 0.0598067, -0.0262173, 0.997865, -0.0360119, -6.53362e-09, 3.39678e-07)
bones/50/enabled = true
bones/50/pose = Transform3D(0.830043, 0.555861, 0.0452529, -0.555861, 0.831162, -0.0137452, -0.0452529, -0.0137452, 0.998881, 0, 0, 5.82077e-09)
bones/51/name = "RightHandRing3"
bones/51/parent = 50
bones/51/rest = Transform3D(0.919369, -0.3921, -0.0319209, 0.3921, 0.919899, -0.00652097, 0.0319209, -0.00652102, 0.999469, -0.0330731, -8.39849e-08, -2.11413e-07)
bones/51/enabled = true
bones/51/pose = Transform3D(0.955406, 0.294321, 0.0239607, -0.294321, 0.9557, -0.00360658, -0.0239607, -0.00360638, 0.999706, -1.11759e-07, 4.00469e-08, -4.24916e-09)
bones/52/name = "RightHandRing4"
bones/52/parent = 51
bones/52/rest = Transform3D(1, -7.45058e-09, 1.11759e-08, 7.45058e-09, 1, 7.45055e-09, -1.11759e-08, -7.45055e-09, 1, -0.0366012, -8.22171e-08, 6.00241e-09)
bones/52/enabled = true
bones/52/pose = Transform3D(1, 0, 0, 0, 1, 0, 0, 0, 1, 0, 0, 0)
bones/53/name = "RightHandPinky1"
bones/53/parent = 36
bones/53/rest = Transform3D(0.8703, -0.488856, -0.0599794, 0.489976, 0.871723, 0.00465451, 0.0500101, -0.0334393, 0.998189, -0.109082, -0.00226368, -0.0472582)
bones/53/enabled = true
bones/53/pose = Transform3D(0.707965, 0.701608, 0.0808198, -0.700075, 0.712264, -0.0507467, -0.0931693, -0.020653, 0.995436, 7.45058e-09, 1.49012e-08, 0)
bones/54/name = "RightHandPinky2"
bones/54/parent = 53
bones/54/rest = Transform3D(0.877214, -0.478517, -0.0389563, 0.478517, 0.878022, -0.00993053, 0.0389564, -0.00993003, 0.999192, -0.0413665, -2.32472e-08, 2.59698e-07)
bones/54/enabled = true
bones/54/pose = Transform3D(0.78288, 0.620121, 0.0504841, -0.620121, 0.78431, -0.0175592, -0.0504841, -0.0175595, 0.998571, 4.47035e-08, -3.53903e-08, -1.60653e-08)
bones/55/name = "RightHandPinky3"
bones/55/parent = 54
bones/55/rest = Transform3D(0.961598, -0.273556, -0.0222702, 0.273556, 0.961851, -0.00310566, 0.0222702, -0.00310576, 0.999747, -0.0259483, 2.11223e-08, -3.73974e-07)
bones/55/enabled = true
bones/55/pose = Transform3D(0.897697, 0.43916, 0.0357524, -0.43916, 0.898371, -0.00827356, -0.0357523, -0.00827386, 0.999326, 7.82311e-08, 9.12696e-08, -4.42378e-09)
bones/56/name = "RightHandPinky4"
bones/56/parent = 55
bones/56/rest = Transform3D(1, 1.49012e-08, -2.98023e-08, -1.49012e-08, 1, 7.45105e-09, 2.98023e-08, -7.45105e-09, 1, -0.0292386, 1.13971e-07, 1.78941e-07)
bones/56/enabled = true
bones/56/pose = Transform3D(1, 0, 0, 0, 1, 0, 0, 0, 1, 0, 0, 0)
bones/57/name = "RightUpLeg"
bones/57/parent = 0
bones/57/rest = Transform3D(0.991613, -0.0224239, -0.127277, 0.0501003, 0.974519, 0.218638, 0.119131, -0.223181, 0.96747, -0.0912445, -0.0665639, -0.000553783)
bones/57/enabled = true
bones/57/pose = Transform3D(0.970802, -0.0132337, 0.239517, 0.0416987, 0.992586, -0.114169, -0.23623, 0.120824, 0.964156, 0, -5.96046e-08, -2.79397e-09)
bones/58/name = "RightLeg"
bones/58/parent = 57
bones/58/rest = Transform3D(0.996809, 0.0622373, 0.0499792, -0.0429054, 0.945766, -0.322003, -0.0673093, 0.318831, 0.945419, -0.0024468, -0.405954, -0.00514529)
bones/58/enabled = true
bones/58/pose = Transform3D(0.996414, 0.080028, -0.0274735, -0.0647958, 0.930513, 0.360481, 0.054413, -0.357408, 0.932362, 3.72529e-09, 5.96046e-08, -2.98023e-08)
bones/59/name = "RightFoot"
bones/59/parent = 58
bones/59/rest = Transform3D(0.999992, -0.00390479, -0.000119776, 0.0038764, 0.987982, 0.154519, -0.000485026, -0.154518, 0.98799, 0.00244668, -0.420479, -0.0206023)
bones/59/enabled = true
bones/59/pose = Transform3D(0.996862, -0.0786211, 0.00920858, 0.0790045, 0.980916, -0.177659, 0.00493488, 0.177829, 0.984049, 0, 0, 0)
bones/60/name = "RightToeBase"
bones/60/parent = 59
bones/60/rest = Transform3D(1, 1.43757e-09, 1.4426e-08, -2.68239e-09, 0.996238, 0.086665, -1.42471e-08, -0.086665, 0.996238, -0.00373359, -0.104922, 0.126407)
bones/60/enabled = true
bones/60/pose = Transform3D(1, -1.15813e-08, -7.53684e-09, 1.11677e-08, 0.998608, -0.0527386, 8.13714e-09, 0.0527386, 0.998608, 0, 0, -1.49012e-08)
bones/61/name = "RightToe_End"
bones/61/parent = 60
bones/61/rest = Transform3D(1, 3.43902e-11, -3.98046e-10, -3.43901e-11, 1, 2.16234e-07, 3.98046e-10, -2.16234e-07, 1, 7.45058e-09, 2.95467e-08, 0.0999252)
bones/61/enabled = true
bones/61/pose = Transform3D(1, 0, 0, 0, 1, 0, 0, 0, 1, 0, 0, 0)
bones/62/name = "LeftUpLeg"
bones/62/parent = 0
bones/62/rest = Transform3D(0.983753, -0.0830059, 0.159185, -0.00662501, 0.869303, 0.494234, -0.179405, -0.487259, 0.85463, 0.0912445, -0.0665639, -0.000553779)
bones/62/enabled = true
bones/62/pose = Transform3D(0.985469, 0.0631864, -0.157668, -0.123855, 0.902529, -0.412432, 0.11624, 0.425967, 0.89724, 0, 5.96046e-08, 2.6077e-08)
bones/63/name = "LeftLeg"
bones/63/parent = 62
bones/63/rest = Transform3D(0.996624, 0.00950146, -0.0815512, -0.0739476, 0.535464, -0.841314, 0.035674, 0.844505, 0.534359, 0.00244681, -0.405954, -0.00517038)
bones/63/enabled = true
bones/63/pose = Transform3D(0.999331, -0.0200455, 0.0305935, -0.0130173, 0.586753, 0.809661, -0.0341809, -0.809518, 0.5861, -9.31323e-10, -2.98023e-08, -2.98023e-08)
bones/64/name = "LeftFoot"
bones/64/parent = 63
bones/64/rest = Transform3D(0.999568, 0.0293842, 0.000928617, -0.0293597, 0.999368, -0.0200441, -0.00151701, 0.0200082, 0.999799, -0.0024467, -0.42048, -0.0205764)
bones/64/enabled = true
bones/64/pose = Transform3D(0.990538, -0.136943, -0.00898397, 0.137135, 0.990209, 0.0260973, 0.00532214, -0.0270824, 0.999619, 0, 0, 0)
bones/65/name = "LeftToeBase"
bones/65/parent = 64
bones/65/rest = Transform3D(1, -3.89452e-08, 9.92433e-08, 2.43847e-08, 0.989766, 0.1427, -1.03785e-07, -0.1427, 0.989766, 0.00373359, -0.104922, 0.126407)
bones/65/enabled = true
bones/65/pose = Transform3D(0.997047, 0.0767941, 0.000378398, -0.0763533, 0.991829, -0.102205, -0.00822407, 0.101875, 0.994763, 9.31323e-10, 7.45058e-09, 0)
bones/66/name = "LeftToe_End"
bones/66/parent = 65
bones/66/rest = Transform3D(1, 3.72529e-09, -1.86265e-09, -3.72529e-09, 1, 7.45616e-08, 1.86265e-09, -7.45616e-08, 1, 1.49012e-08, 2.24235e-08, 0.0999252)
bones/66/enabled = true
bones/66/pose = Transform3D(1, 0, 0, 0, 1, 0, 0, 0, 1, 0, 0, 0)
script = null

[node name="Mesh" type="MeshInstance3D" parent="Armature/Skeleton3D"]
gi_mode = 1
mesh = ExtResource( "2_t0i3i" )
skin = ExtResource( "2_1jcqs" )
surface_material_override/0 = null
script = null

[node name="Joints" type="MeshInstance3D" parent="Armature/Skeleton3D"]
gi_mode = 1
mesh = ExtResource( "3_fr0wl" )
skin = ExtResource( "2_1jcqs" )
surface_material_override/0 = null
script = null

[node name="AnimationPlayer" type="AnimationPlayer" parent="."]
"anims/Crouched Walking" = ExtResource( "5_gopli" )
"anims/Crouching Idle" = ExtResource( "6_c5s4n" )
"anims/Sprinting Forward Roll" = ExtResource( "6_e54ir" )
anims/T-Pose = ExtResource( "4_ojmmg" )
"anims/Walking Backward" = ExtResource( "6_2fsol" )
anims/idle = ExtResource( "4_c0dhv" )
anims/jump = ExtResource( "5_4vjnl" )
"anims/left strafe" = ExtResource( "8_ji7ms" )
"anims/left strafe walking" = ExtResource( "9_defyi" )
"anims/left turn" = ExtResource( "10_63oki" )
"anims/left turn 90" = ExtResource( "11_0mnrj" )
"anims/right strafe" = ExtResource( "12_43amy" )
"anims/right strafe walking" = ExtResource( "13_430an" )
"anims/right turn" = ExtResource( "14_pdm14" )
"anims/right turn 90" = ExtResource( "15_n2ugq" )
anims/running = ExtResource( "16_tdbdc" )
anims/walking = ExtResource( "17_yke1i" )
blend_times = []
script = null

[node name="AnimationTree" type="AnimationTree" parent="."]
tree_root = SubResource( "AnimationNodeBlendTree_0lbxf" )
anim_player = NodePath("../AnimationPlayer")
active = true
parameters/IWR_blend/blend_amount = 0.0
parameters/ag_trans/current = 0
parameters/ag_weapon_trans/current = 0
parameters/aim_transition/current = 1
parameters/crouch_iw_blend/blend_amount = 0
parameters/crouch_walk/blend_position = Vector2(0, 0)
parameters/cs_trans/current = 1
parameters/ir_rifle_blend/blend_amount = 0
"parameters/jump 2/active" = false
parameters/jump_blend/blend_position = 0.0
parameters/jump_scale/scale = 1.0
parameters/run_scale/scale = 0.5
parameters/walk/blend_position = Vector2(0, 0)
parameters/walk_scale/scale = 0.5
parameters/weapon-blend/blend_amount = 0.0
script = ExtResource( "22_wjarj" )

[node name="CameraRoot" type="Node3D" parent="."]
script = ExtResource( "2_3h36s" )

[node name="h" type="Node3D" parent="CameraRoot"]
script = null

[node name="v" type="Node3D" parent="CameraRoot/h"]
