[gd_scene load_steps=8 format=3 uid="uid://dtka851el4ykx"]

[ext_resource type="Environment" uid="uid://b20xexwhxflcp" path="res://Maps/default_env.tres" id="1_7h7du"]
[ext_resource type="Material" uid="uid://bf6te7t23qtp3" path="res://Maps/GridMat.tres" id="3_27oba"]
[ext_resource type="PackedScene" uid="uid://chwsb15x7es45" path="res://Player/Player.tscn" id="3_882kt"]
[ext_resource type="Script" path="res://Interactable/Light/InteractableLight.gd" id="4_kyyln"]

[sub_resource type="BoxShape3D" id="BoxShape3D_2afi4"]

[sub_resource type="BoxMesh" id="BoxMesh_n4eeh"]

[sub_resource type="StandardMaterial3D" id="StandardMaterial3D_cpp0l"]
albedo_color = Color(1, 0.0235294, 0, 1)

[node name="Node" type="Node"]

[node name="Player" parent="." instance=ExtResource( "3_882kt" )]
transform = Transform3D(0.990681, 0, 0, 0, 0.990681, 0, 0, 0, 0.990681, 1.2147, 1.91718, 2.76778)

[node name="light" type="StaticBody3D" parent="."]
transform = Transform3D(1, 0, 0, 0, 1, 0, 0, 0, 1, 0.84419, 1.95787, 16.7421)
collision_layer = 2
script = ExtResource( "4_kyyln" )
light = NodePath("../SpotLight3D")
on = false

[node name="CollisionShape3D" type="CollisionShape3D" parent="light"]
shape = SubResource( "BoxShape3D_2afi4" )

[node name="MeshInstance3D" type="MeshInstance3D" parent="light/CollisionShape3D"]
layers = 2
mesh = SubResource( "BoxMesh_n4eeh" )
skeleton = NodePath("../../..")
surface_material_override/0 = SubResource( "StandardMaterial3D_cpp0l" )

[node name="CSGBox3D" type="CSGBox3D" parent="."]
transform = Transform3D(1, 0, 0, 0, 1, 0, 0, 0, 1, 1.21105, 0.573563, 2.89924)
material_override = ExtResource( "3_27oba" )
gi_mode = 2
use_collision = true
size = Vector3(50, 2, 50)

[node name="CSGBox3D1" type="CSGBox3D" parent="."]
transform = Transform3D(1, 0, 0, 0, 1, 0, 0, 0, 1, 1.31349, 2.97282, -22.5958)
gi_mode = 2
use_collision = true
size = Vector3(49.873, 3, 1)
material = ExtResource( "3_27oba" )

[node name="CSGBox3D2" type="CSGBox3D" parent="."]
transform = Transform3D(1, 0, 0, 0, 1, 0, 0, 0, 1, 1.31349, 2.97282, 28.4035)
gi_mode = 2
use_collision = true
size = Vector3(49.873, 3, 1)
material = ExtResource( "3_27oba" )

[node name="CSGBox3D3" type="CSGBox3D" parent="."]
transform = Transform3D(-0.00308923, 0, 0.999995, 0, 1, 0, -0.999995, 0, -0.00308923, 25.873, 2.97282, 2.67917)
gi_mode = 2
use_collision = true
size = Vector3(55, 3, 1)
material = ExtResource( "3_27oba" )

[node name="CSGBox3D4" type="CSGBox3D" parent="."]
transform = Transform3D(-0.00308923, 0, 0.999995, 0, 1, 0, -0.999995, 0, -0.00308923, -23.5016, 2.97282, 2.67917)
gi_mode = 2
use_collision = true
size = Vector3(55, 3, 1)
material = ExtResource( "3_27oba" )

[node name="CSGBox3D5" type="CSGBox3D" parent="."]
transform = Transform3D(-0.818495, -0.574491, -0.00505711, -0.57448, 0.818511, -0.00354945, 0.00617843, 0, -0.99998, 10.4155, 2.0374, 1.42876)
gi_mode = 2
use_collision = true
size = Vector3(4.60107, 0.502591, 14.107)
material = ExtResource( "3_27oba" )

[node name="CSGBox3D7" type="CSGBox3D" parent="."]
transform = Transform3D(0.849607, 0.527317, -0.0102242, -0.527376, 0.849622, -0.004133, 0.00650729, 0.00890342, 0.999939, 18.5978, 2.07804, 1.42876)
gi_mode = 2
use_collision = true
size = Vector3(4.60107, 0.502591, 14.0192)
material = ExtResource( "3_27oba" )

[node name="CSGBox3D6" type="CSGBox3D" parent="."]
transform = Transform3D(-0.999963, -0.00595152, -0.00617832, -0.0059514, 0.999982, -3.67712e-05, 0.00617843, 0, -0.99998, 14.4541, 3.1768, 1.38929)
gi_mode = 2
use_collision = true
size = Vector3(4.60107, 0.502591, 14.107)
material = ExtResource( "3_27oba" )

[node name="WorldEnvironment" type="WorldEnvironment" parent="."]
environment = ExtResource( "1_7h7du" )

[node name="DirectionalLight3D" type="DirectionalLight3D" parent="."]
transform = Transform3D(0.998819, 0.0194639, 0.0445193, -0.0467522, 0.634491, 0.771515, -0.0132304, -0.772685, 0.634652, -0.531392, 8.38026, -2.80088)
layers = 0
shadow_enabled = true

[node name="SpotLight3D" type="SpotLight3D" parent="."]
transform = Transform3D(1, 0, 0, 0, -0.996865, 0.0791203, 0, -0.0791203, -0.996865, 0.789293, 2.01648, 14.7671)

[node name="Stairs" type="Node3D" parent="."]

[node name="CSGBox3D8" type="CSGBox3D" parent="Stairs"]
transform = Transform3D(-0.999963, -0.00595152, -0.00617832, -0.0059514, 0.999982, -3.67712e-05, 0.00617843, 0, -0.99998, -1.42272, 1.61775, 1.38929)
gi_mode = 2
use_collision = true
size = Vector3(0.392448, 0.135761, 14.107)
material = ExtResource( "3_27oba" )

[node name="CSGBox3D9" type="CSGBox3D" parent="Stairs"]
transform = Transform3D(-0.999963, -0.00595152, -0.00617832, -0.0059514, 0.999982, -3.67712e-05, 0.00617843, 0, -0.99998, -1.80449, 1.74329, 1.38929)
gi_mode = 2
use_collision = true
size = Vector3(0.392448, 0.135761, 14.107)
material = ExtResource( "3_27oba" )

[node name="CSGBox3D10" type="CSGBox3D" parent="Stairs"]
transform = Transform3D(-0.999963, -0.00595152, -0.00617832, -0.0059514, 0.999982, -3.67712e-05, 0.00617843, 0, -0.99998, -2.17758, 1.87023, 1.38929)
gi_mode = 2
use_collision = true
size = Vector3(0.392448, 0.135761, 14.107)
material = ExtResource( "3_27oba" )

[node name="@CSGBox3D10@19582" type="CSGBox3D" parent="Stairs"]
transform = Transform3D(-0.999963, -0.00595152, -0.00617832, -0.0059514, 0.999982, -3.67712e-05, 0.00617843, 0, -0.99998, -2.55936, 1.99577, 1.38929)
gi_mode = 2
use_collision = true
size = Vector3(0.392448, 0.135761, 14.107)
material = ExtResource( "3_27oba" )

[node name="CSGBox3D11" type="CSGBox3D" parent="Stairs"]
transform = Transform3D(-0.999963, -0.00595152, -0.00617832, -0.0059514, 0.999982, -3.67712e-05, 0.00617843, 0, -0.99998, -2.8971, 2.11789, 1.38929)
gi_mode = 2
use_collision = true
size = Vector3(0.392448, 0.135761, 14.107)
material = ExtResource( "3_27oba" )

[node name="@CSGBox3D11@20746" type="CSGBox3D" parent="Stairs"]
transform = Transform3D(-0.999963, -0.00595152, -0.00617832, -0.0059514, 0.999982, -3.67712e-05, 0.00617843, 0, -0.99998, -3.27887, 2.24343, 1.38929)
gi_mode = 2
use_collision = true
size = Vector3(0.392448, 0.135761, 14.107)
material = ExtResource( "3_27oba" )

[node name="@CSGBox3D11@20747" type="CSGBox3D" parent="Stairs"]
transform = Transform3D(-0.999963, -0.00595152, -0.00617832, -0.0059514, 0.999982, -3.67712e-05, 0.00617843, 0, -0.99998, -3.65196, 2.37037, 1.38929)
gi_mode = 2
use_collision = true
size = Vector3(0.392448, 0.135761, 14.107)
material = ExtResource( "3_27oba" )

[node name="CSGBox3D1019582" type="CSGBox3D" parent="Stairs"]
transform = Transform3D(-0.999963, -0.00595152, -0.00617832, -0.0059514, 0.999982, -3.67712e-05, 0.00617843, 0, -0.99998, -4.03373, 2.49591, 1.38929)
gi_mode = 2
use_collision = true
size = Vector3(0.392448, 0.135761, 14.107)
material = ExtResource( "3_27oba" )

[node name="CSGBox3D12" type="CSGBox3D" parent="Stairs"]
transform = Transform3D(-0.999963, -0.00595152, -0.00617832, -0.0059514, 0.999982, -3.67712e-05, 0.00617843, 0, -0.99998, -4.41911, 2.62279, 1.38929)
gi_mode = 2
use_collision = true
size = Vector3(0.392448, 0.135761, 14.107)
material = ExtResource( "3_27oba" )

[node name="@CSGBox3D12@21676" type="CSGBox3D" parent="Stairs"]
transform = Transform3D(-0.999963, -0.00595152, -0.00617832, -0.0059514, 0.999982, -3.67712e-05, 0.00617843, 0, -0.99998, -4.80088, 2.74833, 1.38929)
gi_mode = 2
use_collision = true
size = Vector3(0.392448, 0.135761, 14.107)
material = ExtResource( "3_27oba" )

[node name="@CSGBox3D12@21677" type="CSGBox3D" parent="Stairs"]
transform = Transform3D(-0.999963, -0.00595152, -0.00617832, -0.0059514, 0.999982, -3.67712e-05, 0.00617843, 0, -0.99998, -5.17397, 2.87527, 1.38929)
gi_mode = 2
use_collision = true
size = Vector3(0.392448, 0.135761, 14.107)
material = ExtResource( "3_27oba" )

[node name="CSGBox3D1019583" type="CSGBox3D" parent="Stairs"]
transform = Transform3D(-0.999963, -0.00595152, -0.00617832, -0.0059514, 0.999982, -3.67712e-05, 0.00617843, 0, -0.99998, -5.55574, 3.00081, 1.38929)
gi_mode = 2
use_collision = true
size = Vector3(0.392448, 0.135761, 14.107)
material = ExtResource( "3_27oba" )

[node name="@CSGBox3D12@21678" type="CSGBox3D" parent="Stairs"]
transform = Transform3D(-0.999963, -0.00595152, -0.00617832, -0.0059514, 0.999982, -3.67712e-05, 0.00617843, 0, -0.99998, -5.89349, 3.12293, 1.38929)
gi_mode = 2
use_collision = true
size = Vector3(0.392448, 0.135761, 14.107)
material = ExtResource( "3_27oba" )

[node name="CSGBox3D1120746" type="CSGBox3D" parent="Stairs"]
transform = Transform3D(-0.999963, -0.00595152, -0.00617832, -0.0059514, 0.999982, -3.67712e-05, 0.00617843, 0, -0.99998, -6.27526, 3.24847, 1.38929)
gi_mode = 2
use_collision = true
size = Vector3(0.392448, 0.135761, 14.107)
material = ExtResource( "3_27oba" )

[node name="CSGBox3D1120747" type="CSGBox3D" parent="Stairs"]
transform = Transform3D(-0.999963, -0.00595152, -0.00617832, -0.0059514, 0.999982, -3.67712e-05, 0.00617843, 0, -0.99998, -6.64835, 3.37541, 1.38929)
gi_mode = 2
use_collision = true
size = Vector3(0.392448, 0.135761, 14.107)
material = ExtResource( "3_27oba" )

[node name="@CSGBox3D1019583@21679" type="CSGBox3D" parent="Stairs"]
transform = Transform3D(-0.999963, -0.00595152, -0.00617832, -0.0059514, 0.999982, -3.67712e-05, 0.00617843, 0, -0.99998, -7.03012, 3.50095, 1.38929)
gi_mode = 2
use_collision = true
size = Vector3(0.392448, 0.135761, 14.107)
material = ExtResource( "3_27oba" )
