[gd_scene load_steps=31 format=3 uid="uid://dvskyskj2hvfe"]

[ext_resource type="Script" path="res://Character/CharacterMovement_Base.gd" id="1_78um4"]
[ext_resource type="ArrayMesh" uid="uid://clgg23fh2xxdl" path="res://Character/Mesh/Character_Cube005.res" id="3_b7fvp"]
[ext_resource type="ArrayMesh" uid="uid://x1owftyhen1u" path="res://Character/Mesh/Character_Cube004.res" id="4_1itlw"]
[ext_resource type="ArrayMesh" uid="uid://bc64yef7a301u" path="res://Character/Mesh/Character_Cube001.res" id="5_o7mqc"]
[ext_resource type="ArrayMesh" uid="uid://1vakkvenje7h" path="res://Character/Mesh/Character_Cube002.res" id="6_v7hxd"]
[ext_resource type="ArrayMesh" uid="uid://bpwy5h0rnu5cd" path="res://Character/Mesh/Character_Cube003.res" id="7_cxuq5"]
[ext_resource type="Script" path="res://Player/Camera.gd" id="8_aq7c4"]
[ext_resource type="Script" path="res://Character/Interaction.gd" id="9_2ydqu"]

[sub_resource type="CapsuleShape3D" id="CapsuleShape3D_c35sx"]
resource_local_to_scene = true
radius = 0.375
height = 2.0

[sub_resource type="SkeletonModification3DLookAt" id="SkeletonModification3DLookAt_dh58x"]
bone_name = "Spine"
bone_index = 1
target_nodepath = NodePath("../../LookAtObject")
additional_rotation = Vector3(90, 180, 0)

[sub_resource type="SkeletonModificationStack3D" id="SkeletonModificationStack3D_6w7rv"]
enabled = true
strength = 0.25
modification_count = 1
modifications/0 = SubResource( "SkeletonModification3DLookAt_dh58x" )

[sub_resource type="SkeletonModification3DStackHolder" id="SkeletonModification3DStackHolder_an4ye"]
held_modification_stack = SubResource( "SkeletonModificationStack3D_6w7rv" )

[sub_resource type="SkeletonModification3DLookAt" id="SkeletonModification3DLookAt_bc4vv"]
bone_name = "Chest"
bone_index = 2
target_nodepath = NodePath("../../LookAtObject")
additional_rotation = Vector3(90, 180, 0)

[sub_resource type="SkeletonModificationStack3D" id="SkeletonModificationStack3D_fb2y0"]
enabled = true
strength = 0.3
modification_count = 1
modifications/0 = SubResource( "SkeletonModification3DLookAt_bc4vv" )

[sub_resource type="SkeletonModification3DStackHolder" id="SkeletonModification3DStackHolder_cg8p7"]
held_modification_stack = SubResource( "SkeletonModificationStack3D_fb2y0" )

[sub_resource type="SkeletonModification3DLookAt" id="SkeletonModification3DLookAt_3t7ni"]
bone_name = "Head"
bone_index = 4
target_nodepath = NodePath("../../LookAtObject")
additional_rotation = Vector3(90, 180, 0)

[sub_resource type="SkeletonModificationStack3D" id="SkeletonModificationStack3D_e2g61"]
enabled = true
strength = 0.5
modification_count = 1
modifications/0 = SubResource( "SkeletonModification3DLookAt_3t7ni" )

[sub_resource type="SkeletonModification3DStackHolder" id="SkeletonModification3DStackHolder_4pg2v"]
held_modification_stack = SubResource( "SkeletonModificationStack3D_e2g61" )

[sub_resource type="SkeletonModificationStack3D" id="SkeletonModificationStack3D_6w74k"]
resource_local_to_scene = true
enabled = true
modification_count = 3
modifications/0 = SubResource( "SkeletonModification3DStackHolder_an4ye" )
modifications/1 = SubResource( "SkeletonModification3DStackHolder_cg8p7" )
modifications/2 = SubResource( "SkeletonModification3DStackHolder_4pg2v" )

[sub_resource type="Skin" id="Skin_acuui"]
resource_name = "Skin"
bind_count = 33
bind/0/name = &"Hips"
bind/0/bone = -1
bind/0/pose = Transform3D(1, -1.92544e-08, 2.01761e-07, -3.01981e-14, 0.995477, 0.0950001, -2.02678e-07, -0.095, 0.995477, 1.69533e-08, -0.876506, 0.0836464)
bind/1/name = &"Spine"
bind/1/bone = -1
bind/1/pose = Transform3D(1, -1.27399e-08, -1.78359e-07, -3.28626e-14, 0.997459, -0.0712469, 1.78814e-07, 0.071247, 0.997459, 1.62549e-08, -1.04593, -0.0909039)
bind/2/name = &"Chest"
bind/2/bone = -1
bind/2/pose = Transform3D(1, -1.49119e-08, -1.03236e-07, -2.75335e-14, 0.989728, -0.142961, 1.04308e-07, 0.142961, 0.989728, 1.90261e-08, -1.26279, -0.182403)
bind/3/name = &"Neck"
bind/3/bone = -1
bind/3/pose = Transform3D(1, -1.75536e-08, 7.24087e-08, -3.01981e-14, 0.97185, 0.2356, -7.45061e-08, -0.2356, 0.97185, 2.82144e-08, -1.43475, 0.378686)
bind/4/name = &"Head"
bind/4/bone = -1
bind/4/pose = Transform3D(1, -2.96196e-08, 2.00502e-07, -4.26326e-14, 0.989264, 0.146141, -2.02678e-07, -0.146141, 0.989264, 4.85121e-08, -1.5413, 0.239355)
bind/5/name = &"Shoulder.L"
bind/5/bone = -1
bind/5/pose = Transform3D(-0.679778, -0.733086, -0.0220602, 0.724764, -0.676061, 0.132884, -0.112329, 0.0743433, 0.990886, 1.12849, 0.938112, -0.0704084)
bind/6/name = &"Upper Arm.L"
bind/6/bone = -1
bind/6/pose = Transform3D(-0.913811, -0.406138, -2.45869e-07, 0.405654, -0.912722, -0.0488288, 0.019831, -0.0446203, 0.998807, 0.722033, 1.17942, 0.0692103)
bind/7/name = &"Lower Arm.L"
bind/7/bone = -1
bind/7/pose = Transform3D(-0.961082, -0.276262, -1.93715e-07, 0.262289, -0.912471, 0.314008, -0.0867489, 0.301788, 0.94942, 0.586248, 0.980957, -0.299588)
bind/8/name = &"Hand.L"
bind/8/bone = -1
bind/8/pose = Transform3D(-0.896577, -0.442888, -2.30968e-07, 0.436417, -0.883479, 0.170309, -0.075428, 0.152695, 0.985391, 0.716959, 0.650987, -0.168564)
bind/9/name = &"Fingers01.L"
bind/9/bone = -1
bind/9/pose = Transform3D(-0.928476, 0.371391, 6.25848e-07, -0.34621, -0.865524, 0.361947, 0.134424, 0.336059, 0.932199, 0.0440477, 0.835868, -0.399712)
bind/10/name = &"Fingers02.L"
bind/10/bone = -1
bind/10/pose = Transform3D(-0.863779, 0.503871, 2.68221e-07, -0.443384, -0.760088, 0.475055, 0.239366, 0.410342, 0.879956, -0.0841924, 0.718594, -0.49181)
bind/11/name = &"Thumb01.L"
bind/11/bone = -1
bind/11/pose = Transform3D(-0.995882, 0.0906548, 1.86264e-07, -0.0759606, -0.834463, 0.545804, 0.0494798, 0.543556, 0.837913, 0.261619, 0.719251, -0.573929)
bind/12/name = &"Thumb02.L"
bind/12/bone = -1
bind/12/pose = Transform3D(-0.996143, 0.0877399, 2.73809e-07, -0.0826569, -0.938437, 0.335414, 0.0294294, 0.334121, 0.942071, 0.264167, 0.780641, -0.402607)
bind/13/name = &"Shoulder.R"
bind/13/bone = -1
bind/13/pose = Transform3D(-0.679778, 0.733086, 0.0220602, -0.724764, -0.676061, 0.132884, 0.112329, 0.0743433, 0.990886, -1.12849, 0.938112, -0.0704084)
bind/14/name = &"Upper Arm.R"
bind/14/bone = -1
bind/14/pose = Transform3D(-0.913811, 0.406138, 3.01748e-07, -0.405654, -0.912722, -0.0488288, -0.019831, -0.0446203, 0.998807, -0.722033, 1.17942, 0.0692104)
bind/15/name = &"Lower Arm.R"
bind/15/bone = -1
bind/15/pose = Transform3D(-0.961082, 0.276262, 1.78814e-07, -0.262289, -0.912471, 0.314008, 0.0867488, 0.301788, 0.94942, -0.586248, 0.980957, -0.299588)
bind/16/name = &"Hand.R"
bind/16/bone = -1
bind/16/pose = Transform3D(-0.896577, 0.442888, 2.23517e-07, -0.436417, -0.883479, 0.170309, 0.0754279, 0.152695, 0.985391, -0.716958, 0.650987, -0.168564)
bind/17/name = &"Fingers01.R"
bind/17/bone = -1
bind/17/pose = Transform3D(-0.928476, -0.371391, -5.06639e-07, 0.34621, -0.865524, 0.361947, -0.134424, 0.336059, 0.932199, -0.0440478, 0.835868, -0.399712)
bind/18/name = &"Fingers02.R"
bind/18/bone = -1
bind/18/pose = Transform3D(-0.863779, -0.503871, -1.63913e-07, 0.443384, -0.760088, 0.475055, -0.239366, 0.410342, 0.879956, 0.0841923, 0.718593, -0.49181)
bind/19/name = &"Thumb01.R"
bind/19/bone = -1
bind/19/pose = Transform3D(-0.995882, -0.0906548, -2.49594e-07, 0.0759605, -0.834463, 0.545803, -0.0494798, 0.543556, 0.837913, -0.261619, 0.719251, -0.573929)
bind/20/name = &"Thumb02.R"
bind/20/bone = -1
bind/20/pose = Transform3D(-0.996143, -0.0877399, -3.33413e-07, 0.0826568, -0.938437, 0.335414, -0.0294295, 0.334121, 0.942071, -0.264167, 0.780641, -0.402607)
bind/21/name = &"Upper Leg.L"
bind/21/bone = -1
bind/21/pose = Transform3D(-0.998528, -0.0542706, 2.97593e-05, 0.0542468, -0.998062, 0.0304922, -0.00163291, 0.0304502, 0.999544, 0.138329, 0.929448, -0.0106092)
bind/22/name = &"Lower Leg.L"
bind/22/bone = -1
bind/22/pose = Transform3D(-0.998342, -0.0575973, 3.8424e-05, 0.0573797, -0.994602, -0.0864572, 0.00501018, -0.0863092, 0.996264, 0.140033, 0.508717, 0.0491552)
bind/23/name = &"Foot.L"
bind/23/bone = -1
bind/23/pose = Transform3D(-0.926099, -0.377285, 9.22392e-06, 0.211728, -0.519708, 0.827697, -0.312275, 0.766525, 0.561191, 0.152999, 0.0445349, 0.0124439)
bind/24/name = &"Toes.L"
bind/24/bone = -1
bind/24/pose = Transform3D(-1.20335e-05, -1, 2.85738e-06, 0.233365, 1.36334e-06, 0.972396, -0.972391, 1.34755e-05, 0.233374, 0.00902766, -0.0915493, 0.144147)
bind/25/name = &"Upper Leg.R"
bind/25/bone = -1
bind/25/pose = Transform3D(-0.998526, 0.0542719, 1.72831e-05, -0.0542461, -0.998062, 0.0304939, 0.00167051, 0.0304479, 0.999533, -0.138329, 0.929448, -0.0106039)
bind/26/name = &"Lower Leg.R"
bind/26/bone = -1
bind/26/pose = Transform3D(-0.99834, 0.0575931, 8.20214e-06, -0.0573778, -0.994602, -0.0864531, -0.00497263, -0.0863104, 0.996254, -0.14003, 0.508717, 0.0491599)
bind/27/name = &"Foot.R"
bind/27/bone = -1
bind/27/pose = Transform3D(-0.926091, 0.3773, 2.45869e-06, -0.211736, -0.519712, 0.827687, 0.312287, 0.766514, 0.561187, -0.152999, 0.0445337, 0.0124461)
bind/28/name = &"Toes.R"
bind/28/bone = -1
bind/28/pose = Transform3D(3.04979e-06, 1, 7.01301e-07, -0.233375, -2.5617e-07, 0.972385, 0.972387, -3.40218e-06, 0.233373, -0.00902546, -0.0915504, 0.144147)
bind/29/name = &"Leg IK.L"
bind/29/bone = -1
bind/29/pose = Transform3D(1, -1.8846e-07, -3.141e-09, -2.22045e-16, 0.0166644, -0.999861, 1.88486e-07, 0.999861, 0.0166644, -0.136148, -0.0450271, -0.0705905)
bind/30/name = &"Pole Target.L"
bind/30/bone = -1
bind/30/pose = Transform3D(-1, 7.29535e-06, 3.46099e-07, -3.79104e-11, -0.0473929, 0.998876, 7.30275e-06, 0.998767, 0.0473826, 0.110761, -0.4863, -0.542977)
bind/31/name = &"Leg IK.R"
bind/31/bone = -1
bind/31/pose = Transform3D(1, -1.8846e-07, -3.141e-09, -2.22045e-16, 0.0166644, -0.999861, 1.88486e-07, 0.999861, 0.0166644, 0.136148, -0.0450271, -0.0705904)
bind/32/name = &"Pole Target.R"
bind/32/bone = -1
bind/32/pose = Transform3D(-1, -7.29535e-06, -3.46099e-07, 3.79104e-11, -0.0473929, 0.998876, -7.30275e-06, 0.998767, 0.0473826, -0.110761, -0.4863, -0.542977)

[sub_resource type="Animation" id="Animation_1m8q8"]
resource_name = "Idle"
length = 3.33333
loop_mode = 1
tracks/0/type = "rotation_3d"
tracks/0/imported = true
tracks/0/enabled = true
tracks/0/path = NodePath("Armature/Skeleton3D:Fingers02.L")
tracks/0/interp = 1
tracks/0/loop_wrap = true
tracks/0/keys = PackedFloat32Array(0, 1, 0.0615725, -0.0636731, -0.137856, 0.986484, 1.66667, 1, 0.0554821, -0.0776243, -0.208338, 0.973392, 3.33333, 1, 0.0615725, -0.0636731, -0.137856, 0.986484)
tracks/1/type = "rotation_3d"
tracks/1/imported = true
tracks/1/enabled = true
tracks/1/path = NodePath("Armature/Skeleton3D:Thumb01.L")
tracks/1/interp = 1
tracks/1/loop_wrap = true
tracks/1/keys = PackedFloat32Array(0, 1, 0.199033, -0.0593481, -0.151106, 0.966453, 1.66667, 1, 0.199459, -0.0575037, -0.136712, 0.968617, 3.33333, 1, 0.199033, -0.0593481, -0.151106, 0.966453)
tracks/2/type = "rotation_3d"
tracks/2/imported = true
tracks/2/enabled = true
tracks/2/path = NodePath("Armature/Skeleton3D:Upper Arm.L")
tracks/2/interp = 1
tracks/2/loop_wrap = true
tracks/2/keys = PackedFloat32Array(0, 1, -0.0829112, -0.0237078, -0.312961, 0.945843, 1.73333, 1, -0.083232, -0.0234027, -0.305068, 0.948398, 3.33333, 1, -0.0829112, -0.0237078, -0.312961, 0.945843)
tracks/3/type = "rotation_3d"
tracks/3/imported = true
tracks/3/enabled = true
tracks/3/path = NodePath("Armature/Skeleton3D:Fingers02.R")
tracks/3/interp = 1
tracks/3/loop_wrap = true
tracks/3/keys = PackedFloat32Array(0, 1, 0.0615725, 0.0636731, 0.137856, 0.986484, 1.66667, 1, 0.0546738, 0.0793958, 0.21736, 0.97132, 3.33333, 1, 0.0615725, 0.0636731, 0.137856, 0.986484)
tracks/4/type = "rotation_3d"
tracks/4/imported = true
tracks/4/enabled = true
tracks/4/path = NodePath("Armature/Skeleton3D:Thumb01.R")
tracks/4/interp = 1
tracks/4/loop_wrap = true
tracks/4/keys = PackedFloat32Array(0, 1, 0.199033, 0.0593481, 0.151106, 0.966453, 1.73333, 1, 0.199349, 0.058001, 0.140587, 0.968055, 3.33333, 1, 0.199033, 0.0593481, 0.151106, 0.966453)
tracks/5/type = "rotation_3d"
tracks/5/imported = true
tracks/5/enabled = true
tracks/5/path = NodePath("Armature/Skeleton3D:Upper Arm.R")
tracks/5/interp = 1
tracks/5/loop_wrap = true
tracks/5/keys = PackedFloat32Array(0, 1, -0.0829112, 0.0237078, 0.312961, 0.945843, 1.73333, 1, -0.083285, 0.0233516, 0.303748, 0.948818, 3.33333, 1, -0.0829112, 0.0237078, 0.312961, 0.945843)
tracks/6/type = "rotation_3d"
tracks/6/imported = true
tracks/6/enabled = true
tracks/6/path = NodePath("Armature/Skeleton3D:Foot.L")
tracks/6/interp = 1
tracks/6/loop_wrap = true
tracks/6/keys = PackedFloat32Array(0, 1, 0.513734, 0.0230522, 0.222986, 0.828145, 1.73333, 1, 0.531044, 0.0181706, 0.222614, 0.817377, 3.33333, 1, 0.513734, 0.0230522, 0.222986, 0.828145)
tracks/7/type = "scale_3d"
tracks/7/imported = true
tracks/7/enabled = true
tracks/7/path = NodePath("Armature/Skeleton3D:Foot.L")
tracks/7/interp = 1
tracks/7/loop_wrap = true
tracks/7/keys = PackedFloat32Array(0, 1, 1, 0.999983, 1.00001)
tracks/8/type = "rotation_3d"
tracks/8/imported = true
tracks/8/enabled = true
tracks/8/path = NodePath("Armature/Skeleton3D:Lower Leg.L")
tracks/8/interp = 1
tracks/8/loop_wrap = true
tracks/8/keys = PackedFloat32Array(0, 1, -0.174939, -5.03194e-05, 0.00497978, 0.984567, 1.66667, 1, -0.218148, -4.98691e-05, 0.00620977, 0.975896, 3.33333, 1, -0.174939, -5.03194e-05, 0.00497978, 0.984567)
tracks/9/type = "scale_3d"
tracks/9/imported = true
tracks/9/enabled = true
tracks/9/path = NodePath("Armature/Skeleton3D:Lower Leg.L")
tracks/9/interp = 1
tracks/9/loop_wrap = true
tracks/9/keys = PackedFloat32Array(0, 1, 1, 1, 0.999997)
tracks/10/type = "rotation_3d"
tracks/10/imported = true
tracks/10/enabled = true
tracks/10/path = NodePath("Armature/Skeleton3D:Upper Leg.L")
tracks/10/interp = 1
tracks/10/loop_wrap = true
tracks/10/keys = PackedFloat32Array(0, 1, 0.0021728, -0.167032, -0.985612, 0.0257823, 1.73333, 1, 0.00267715, -0.189781, -0.981495, 0.0253464, 3.33333, 1, 0.0021728, -0.167032, -0.985612, 0.0257823)
tracks/11/type = "rotation_3d"
tracks/11/imported = true
tracks/11/enabled = true
tracks/11/path = NodePath("Armature/Skeleton3D:Foot.R")
tracks/11/interp = 1
tracks/11/loop_wrap = true
tracks/11/keys = PackedFloat32Array(0, 1, 0.560855, -0.0252928, -0.187752, 0.805948, 1.66667, 1, 0.578792, -0.0208589, -0.187381, 0.793381, 3.33333, 1, 0.560854, -0.0252928, -0.187752, 0.805948)
tracks/12/type = "rotation_3d"
tracks/12/imported = true
tracks/12/enabled = true
tracks/12/path = NodePath("Armature/Skeleton3D:Lower Leg.R")
tracks/12/interp = 1
tracks/12/loop_wrap = true
tracks/12/keys = PackedFloat32Array(0, 1, -0.166741, 5.05248e-05, -0.00473856, 0.985989, 1.66667, 1, -0.211669, 5.00811e-05, -0.00601533, 0.977323, 3.33333, 1, -0.166741, 5.05248e-05, -0.00473856, 0.985989)
tracks/13/type = "rotation_3d"
tracks/13/imported = true
tracks/13/enabled = true
tracks/13/path = NodePath("Armature/Skeleton3D:Upper Leg.R")
tracks/13/interp = 1
tracks/13/loop_wrap = true
tracks/13/keys = PackedFloat32Array(0, 1, 0.00469852, 0.0997654, 0.994487, 0.0319605, 1.66667, 1, 0.00527265, 0.123043, 0.991887, 0.0315036, 3.33333, 1, 0.00469852, 0.0997655, 0.994487, 0.0319605)
tracks/14/type = "position_3d"
tracks/14/imported = true
tracks/14/enabled = true
tracks/14/path = NodePath("Armature/Skeleton3D:Hips")
tracks/14/interp = 1
tracks/14/loop_wrap = true
tracks/14/keys = PackedFloat32Array(0, 1, -2.82382e-16, 0.867522, 4.77303e-09, 1.66667, 1, -1.4551e-10, 0.859965, 4.88944e-09, 3.33333, 1, -2.82382e-16, 0.867522, 4.77303e-09)
tracks/15/type = "rotation_3d"
tracks/15/imported = true
tracks/15/enabled = true
tracks/15/path = NodePath("Armature/Skeleton3D:Hips")
tracks/15/interp = 1
tracks/15/loop_wrap = true
tracks/15/keys = PackedFloat32Array(0, 1, 0.0475538, -1.01224e-07, -4.81905e-09, 0.998869)
tracks/16/type = "position_3d"
tracks/16/imported = true
tracks/16/enabled = true
tracks/16/path = NodePath("Armature/Skeleton3D:Leg IK.L")
tracks/16/interp = 1
tracks/16/loop_wrap = true
tracks/16/keys = PackedFloat32Array(0, 1, 0.136148, 0.071331, 0.0320683)
tracks/17/type = "rotation_3d"
tracks/17/imported = true
tracks/17/enabled = true
tracks/17/path = NodePath("Armature/Skeleton3D:Leg IK.L")
tracks/17/interp = 1
tracks/17/loop_wrap = true
tracks/17/keys = PackedFloat32Array(0, 1, -0.698359, 0.0640112, 0.0629531, 0.710095)
tracks/18/type = "position_3d"
tracks/18/imported = true
tracks/18/enabled = true
tracks/18/path = NodePath("Armature/Skeleton3D:Leg IK.R")
tracks/18/interp = 1
tracks/18/loop_wrap = true
tracks/18/keys = PackedFloat32Array(0, 1, -0.146954, 0.071331, -0.0762612)
tracks/19/type = "rotation_3d"
tracks/19/imported = true
tracks/19/enabled = true
tracks/19/path = NodePath("Armature/Skeleton3D:Leg IK.R")
tracks/19/interp = 1
tracks/19/loop_wrap = true
tracks/19/keys = PackedFloat32Array(0, 1, -0.700327, -0.0353629, -0.0347786, 0.712097)
tracks/20/type = "rotation_3d"
tracks/20/imported = true
tracks/20/enabled = true
tracks/20/path = NodePath("Armature/Skeleton3D:Fingers01.L")
tracks/20/interp = 1
tracks/20/loop_wrap = true
tracks/20/keys = PackedFloat32Array(0, 1, 0.0981862, -0.042362, -0.152619, 0.982483)
tracks/21/type = "rotation_3d"
tracks/21/imported = true
tracks/21/enabled = true
tracks/21/path = NodePath("Armature/Skeleton3D:Lower Arm.L")
tracks/21/interp = 1
tracks/21/loop_wrap = true
tracks/21/keys = PackedFloat32Array(0, 1, 0.0617018, -0.00255166, -0.0973542, 0.993332)
tracks/22/type = "rotation_3d"
tracks/22/imported = true
tracks/22/enabled = true
tracks/22/path = NodePath("Armature/Skeleton3D:Fingers01.R")
tracks/22/interp = 1
tracks/22/loop_wrap = true
tracks/22/keys = PackedFloat32Array(0, 1, 0.0981862, 0.042362, 0.152619, 0.982483)
tracks/23/type = "rotation_3d"
tracks/23/imported = true
tracks/23/enabled = true
tracks/23/path = NodePath("Armature/Skeleton3D:Lower Arm.R")
tracks/23/interp = 1
tracks/23/loop_wrap = true
tracks/23/keys = PackedFloat32Array(0, 1, 0.0617018, 0.0025517, 0.0973542, 0.993332)
tracks/24/type = "rotation_3d"
tracks/24/imported = true
tracks/24/enabled = true
tracks/24/path = NodePath("Armature/Skeleton3D:Head")
tracks/24/interp = 1
tracks/24/loop_wrap = true
tracks/24/keys = PackedFloat32Array(0, 1, -0.0455688, -6.40194e-08, 6.31548e-09, 0.998961)
tracks/25/type = "rotation_3d"
tracks/25/imported = true
tracks/25/enabled = true
tracks/25/path = NodePath("Armature/Skeleton3D:Neck")
tracks/25/interp = 1
tracks/25/loop_wrap = true
tracks/25/keys = PackedFloat32Array(0, 1, 0.189491, -8.77871e-08, 2.82359e-09, 0.981882)
tracks/26/type = "rotation_3d"
tracks/26/imported = true
tracks/26/enabled = true
tracks/26/path = NodePath("Armature/Skeleton3D:Hand.L")
tracks/26/interp = 1
tracks/26/loop_wrap = true
tracks/26/keys = PackedFloat32Array(0, 1, -0.0737702, 0.0216935, 0.0866638, 0.993266)
tracks/27/type = "rotation_3d"
tracks/27/imported = true
tracks/27/enabled = true
tracks/27/path = NodePath("Armature/Skeleton3D:Shoulder.L")
tracks/27/interp = 1
tracks/27/loop_wrap = true
tracks/27/keys = PackedFloat32Array(0, 1, 0.0651907, 0.00905957, -0.91641, 0.394792)
tracks/28/type = "rotation_3d"
tracks/28/imported = true
tracks/28/enabled = true
tracks/28/path = NodePath("Armature/Skeleton3D:Hand.R")
tracks/28/interp = 1
tracks/28/loop_wrap = true
tracks/28/keys = PackedFloat32Array(0, 1, -0.0737702, -0.0216935, -0.0866637, 0.993266)
tracks/29/type = "rotation_3d"
tracks/29/imported = true
tracks/29/enabled = true
tracks/29/path = NodePath("Armature/Skeleton3D:Shoulder.R")
tracks/29/interp = 1
tracks/29/loop_wrap = true
tracks/29/keys = PackedFloat32Array(0, 1, 0.0651906, -0.00905963, 0.91641, 0.394792)
tracks/30/type = "rotation_3d"
tracks/30/imported = true
tracks/30/enabled = true
tracks/30/path = NodePath("Armature/Skeleton3D:Chest")
tracks/30/interp = 1
tracks/30/loop_wrap = true
tracks/30/keys = PackedFloat32Array(0, 1, -0.0360646, -3.72286e-08, -5.10534e-09, 0.999349)
tracks/31/type = "rotation_3d"
tracks/31/imported = true
tracks/31/enabled = true
tracks/31/path = NodePath("Armature/Skeleton3D:Spine")
tracks/31/interp = 1
tracks/31/loop_wrap = true
tracks/31/keys = PackedFloat32Array(0, 1, -0.0831294, 1.90085e-07, 9.91909e-10, 0.996539)
tracks/32/type = "rotation_3d"
tracks/32/imported = true
tracks/32/enabled = true
tracks/32/path = NodePath("Armature/Skeleton3D:Toes.L")
tracks/32/interp = 1
tracks/32/loop_wrap = true
tracks/32/keys = PackedFloat32Array(0, 1, 0.148682, 0.510473, 0.225321, 0.81642)
tracks/33/type = "rotation_3d"
tracks/33/imported = true
tracks/33/enabled = true
tracks/33/path = NodePath("Armature/Skeleton3D:Toes.R")
tracks/33/interp = 1
tracks/33/loop_wrap = true
tracks/33/keys = PackedFloat32Array(0, 1, 0.148679, -0.510471, -0.225325, 0.816421)

[sub_resource type="Animation" id="Animation_kn4kn"]
resource_name = "Pose"
length = 0.0333333
tracks/0/type = "rotation_3d"
tracks/0/imported = true
tracks/0/enabled = true
tracks/0/path = NodePath("Armature/Skeleton3D:Fingers02.L")
tracks/0/interp = 1
tracks/0/loop_wrap = true
tracks/0/keys = PackedFloat32Array(0, 1, 0.0621254, -0.0309104, -0.0669231, 0.995342, 0.0333333, 1, 0.0621254, -0.0309104, -0.0669231, 0.995342)
tracks/1/type = "rotation_3d"
tracks/1/imported = true
tracks/1/enabled = true
tracks/1/path = NodePath("Armature/Skeleton3D:Fingers01.L")
tracks/1/interp = 1
tracks/1/loop_wrap = true
tracks/1/keys = PackedFloat32Array(0, 1, 0.0908126, -0.108975, -0.392608, 0.9087, 0.0333333, 1, 0.0908126, -0.108975, -0.392608, 0.9087)
tracks/2/type = "rotation_3d"
tracks/2/imported = true
tracks/2/enabled = true
tracks/2/path = NodePath("Armature/Skeleton3D:Thumb01.L")
tracks/2/interp = 1
tracks/2/loop_wrap = true
tracks/2/keys = PackedFloat32Array(0, 1, 0.194141, -0.0991987, -0.252571, 0.942697, 0.0333333, 1, 0.194141, -0.0991987, -0.252571, 0.942697)
tracks/3/type = "rotation_3d"
tracks/3/imported = true
tracks/3/enabled = true
tracks/3/path = NodePath("Armature/Skeleton3D:Lower Arm.L")
tracks/3/interp = 1
tracks/3/loop_wrap = true
tracks/3/keys = PackedFloat32Array(0, 1, 0.182654, -0.00932024, -0.068474, 0.980746, 0.0333333, 1, 0.182654, -0.00932024, -0.068474, 0.980746)
tracks/4/type = "rotation_3d"
tracks/4/imported = true
tracks/4/enabled = true
tracks/4/path = NodePath("Armature/Skeleton3D:Upper Arm.L")
tracks/4/interp = 1
tracks/4/loop_wrap = true
tracks/4/keys = PackedFloat32Array(0, 1, -0.0868821, -0.0192839, -0.200415, 0.97566, 0.0333333, 1, -0.0868821, -0.0192839, -0.200415, 0.97566)
tracks/5/type = "rotation_3d"
tracks/5/imported = true
tracks/5/enabled = true
tracks/5/path = NodePath("Armature/Skeleton3D:Fingers02.R")
tracks/5/interp = 1
tracks/5/loop_wrap = true
tracks/5/keys = PackedFloat32Array(0, 1, 0.0621254, 0.0309104, 0.0669231, 0.995342, 0.0333333, 1, 0.0621254, 0.0309104, 0.0669231, 0.995342)
tracks/6/type = "rotation_3d"
tracks/6/imported = true
tracks/6/enabled = true
tracks/6/path = NodePath("Armature/Skeleton3D:Fingers01.R")
tracks/6/interp = 1
tracks/6/loop_wrap = true
tracks/6/keys = PackedFloat32Array(0, 1, 0.0908126, 0.108975, 0.392608, 0.9087, 0.0333333, 1, 0.0908126, 0.108975, 0.392608, 0.9087)
tracks/7/type = "rotation_3d"
tracks/7/imported = true
tracks/7/enabled = true
tracks/7/path = NodePath("Armature/Skeleton3D:Thumb01.R")
tracks/7/interp = 1
tracks/7/loop_wrap = true
tracks/7/keys = PackedFloat32Array(0, 1, 0.194141, 0.0991987, 0.252571, 0.942697, 0.0333333, 1, 0.194141, 0.0991987, 0.252571, 0.942697)
tracks/8/type = "rotation_3d"
tracks/8/imported = true
tracks/8/enabled = true
tracks/8/path = NodePath("Armature/Skeleton3D:Lower Arm.R")
tracks/8/interp = 1
tracks/8/loop_wrap = true
tracks/8/keys = PackedFloat32Array(0, 1, 0.182654, 0.00932027, 0.068474, 0.980746, 0.0333333, 1, 0.182654, 0.00932027, 0.068474, 0.980746)
tracks/9/type = "rotation_3d"
tracks/9/imported = true
tracks/9/enabled = true
tracks/9/path = NodePath("Armature/Skeleton3D:Upper Arm.R")
tracks/9/interp = 1
tracks/9/loop_wrap = true
tracks/9/keys = PackedFloat32Array(0, 1, -0.0868821, 0.0192839, 0.200415, 0.97566, 0.0333333, 1, -0.0868821, 0.0192839, 0.200415, 0.97566)
tracks/10/type = "rotation_3d"
tracks/10/imported = true
tracks/10/enabled = true
tracks/10/path = NodePath("Armature/Skeleton3D:Foot.L")
tracks/10/interp = 1
tracks/10/loop_wrap = true
tracks/10/keys = PackedFloat32Array(0, 1, 0.499315, 0.0701891, 0.148091, 0.85078, 0.0333333, 1, 0.499315, 0.0701891, 0.148091, 0.85078)
tracks/11/type = "rotation_3d"
tracks/11/imported = true
tracks/11/enabled = true
tracks/11/path = NodePath("Armature/Skeleton3D:Lower Leg.L")
tracks/11/interp = 1
tracks/11/loop_wrap = true
tracks/11/keys = PackedFloat32Array(0, 1, -0.058486, -5.10274e-05, 0.00166485, 0.998287, 0.0333333, 1, -0.058486, -5.10274e-05, 0.00166485, 0.998287)
tracks/12/type = "rotation_3d"
tracks/12/imported = true
tracks/12/enabled = true
tracks/12/path = NodePath("Armature/Skeleton3D:Upper Leg.L")
tracks/12/interp = 1
tracks/12/loop_wrap = true
tracks/12/keys = PackedFloat32Array(0, 1, -0.000607897, -0.0627416, -0.997661, 0.0271323, 0.0333333, 1, -0.000607897, -0.0627416, -0.997661, 0.0271323)
tracks/13/type = "rotation_3d"
tracks/13/imported = true
tracks/13/enabled = true
tracks/13/path = NodePath("Armature/Skeleton3D:Foot.R")
tracks/13/interp = 1
tracks/13/loop_wrap = true
tracks/13/keys = PackedFloat32Array(0, 1, 0.499314, -0.0702025, -0.148096, 0.850779, 0.0333333, 1, 0.499314, -0.0702025, -0.148096, 0.850779)
tracks/14/type = "rotation_3d"
tracks/14/imported = true
tracks/14/enabled = true
tracks/14/path = NodePath("Armature/Skeleton3D:Lower Leg.R")
tracks/14/interp = 1
tracks/14/loop_wrap = true
tracks/14/keys = PackedFloat32Array(0, 1, -0.0584946, 5.11533e-05, -0.00166234, 0.998286, 0.0333333, 1, -0.0584946, 5.11533e-05, -0.00166234, 0.998286)
tracks/15/type = "rotation_3d"
tracks/15/imported = true
tracks/15/enabled = true
tracks/15/path = NodePath("Armature/Skeleton3D:Upper Leg.R")
tracks/15/interp = 1
tracks/15/loop_wrap = true
tracks/15/keys = PackedFloat32Array(0, 1, -0.000614596, 0.0627484, 0.99766, 0.0271325, 0.0333333, 1, -0.000614596, 0.0627484, 0.99766, 0.0271325)
tracks/16/type = "position_3d"
tracks/16/imported = true
tracks/16/enabled = true
tracks/16/path = NodePath("Armature/Skeleton3D:Hips")
tracks/16/interp = 1
tracks/16/loop_wrap = true
tracks/16/keys = PackedFloat32Array(0, 1, -1.51007e-15, 0.880488, 1.30793e-08, 0.0333333, 1, -1.51007e-15, 0.880488, 1.30793e-08)
tracks/17/type = "position_3d"
tracks/17/imported = true
tracks/17/enabled = true
tracks/17/path = NodePath("Armature/Skeleton3D:Leg IK.L")
tracks/17/interp = 1
tracks/17/loop_wrap = true
tracks/17/keys = PackedFloat32Array(0, 1, 0.136148, 0.071331, -0.0438445, 0.0333333, 1, 0.136148, 0.071331, -0.0438445)
tracks/18/type = "rotation_3d"
tracks/18/imported = true
tracks/18/enabled = true
tracks/18/path = NodePath("Armature/Skeleton3D:Leg IK.L")
tracks/18/interp = 1
tracks/18/loop_wrap = true
tracks/18/keys = PackedFloat32Array(0, 1, -0.70119, 6.71929e-08, -6.60824e-08, 0.712974, 0.0333333, 1, -0.70119, 6.71929e-08, -6.60824e-08, 0.712974)
tracks/19/type = "position_3d"
tracks/19/imported = true
tracks/19/enabled = true
tracks/19/path = NodePath("Armature/Skeleton3D:Leg IK.R")
tracks/19/interp = 1
tracks/19/loop_wrap = true
tracks/19/keys = PackedFloat32Array(0, 1, -0.136148, 0.071331, -0.0438445, 0.0333333, 1, -0.136148, 0.071331, -0.0438445)
tracks/20/type = "rotation_3d"
tracks/20/imported = true
tracks/20/enabled = true
tracks/20/path = NodePath("Armature/Skeleton3D:Leg IK.R")
tracks/20/interp = 1
tracks/20/loop_wrap = true
tracks/20/keys = PackedFloat32Array(0, 1, -0.70119, 6.71929e-08, -6.60824e-08, 0.712974, 0.0333333, 1, -0.70119, 6.71929e-08, -6.60824e-08, 0.712974)

[sub_resource type="Animation" id="Animation_ol6wf"]
resource_name = "Run"
length = 0.566667
loop_mode = 1
tracks/0/type = "rotation_3d"
tracks/0/imported = true
tracks/0/enabled = true
tracks/0/path = NodePath("Armature/Skeleton3D:Head")
tracks/0/interp = 1
tracks/0/loop_wrap = true
tracks/0/keys = PackedFloat32Array(0, 1, -0.103445, -0.000192018, -0.000294833, 0.994635, 0.133333, 1, -0.0807405, -1.26256e-07, 1.02441e-06, 0.996735, 0.266667, 1, -0.103445, 0.000176129, 0.000270631, 0.994635, 0.4, 1, -0.0807405, -2.09401e-09, -1.01632e-06, 0.996735, 0.566667, 1, -0.103445, -0.000192018, -0.000294833, 0.994635)
tracks/1/type = "rotation_3d"
tracks/1/imported = true
tracks/1/enabled = true
tracks/1/path = NodePath("Armature/Skeleton3D:Neck")
tracks/1/interp = 1
tracks/1/loop_wrap = true
tracks/1/keys = PackedFloat32Array(0, 1, 0.156766, -0.0945536, 0.0163384, 0.982963, 0.266667, 1, 0.15688, 0.0868533, -0.0150078, 0.983677, 0.566667, 1, 0.156766, -0.0945536, 0.0163384, 0.982963)
tracks/2/type = "rotation_3d"
tracks/2/imported = true
tracks/2/enabled = true
tracks/2/path = NodePath("Armature/Skeleton3D:Fingers02.L")
tracks/2/interp = 1
tracks/2/loop_wrap = true
tracks/2/keys = PackedFloat32Array(0, 1, 0.0610979, -0.0457864, -0.103043, 0.991742, 0.566667, 1, 0.0610979, -0.0457864, -0.103043, 0.991742)
tracks/3/type = "rotation_3d"
tracks/3/imported = true
tracks/3/enabled = true
tracks/3/path = NodePath("Armature/Skeleton3D:Fingers01.L")
tracks/3/interp = 1
tracks/3/loop_wrap = true
tracks/3/keys = PackedFloat32Array(0, 1, 0.0969969, -0.0636522, -0.191979, 0.974517, 0.566667, 1, 0.0969969, -0.0636522, -0.191979, 0.974517)
tracks/4/type = "rotation_3d"
tracks/4/imported = true
tracks/4/enabled = true
tracks/4/path = NodePath("Armature/Skeleton3D:Thumb01.L")
tracks/4/interp = 1
tracks/4/loop_wrap = true
tracks/4/keys = PackedFloat32Array(0, 1, 0.19841, -0.0597993, -0.136608, 0.968708, 0.566667, 1, 0.19841, -0.0597993, -0.136608, 0.968708)
tracks/5/type = "rotation_3d"
tracks/5/imported = true
tracks/5/enabled = true
tracks/5/path = NodePath("Armature/Skeleton3D:Hand.L")
tracks/5/interp = 1
tracks/5/loop_wrap = true
tracks/5/keys = PackedFloat32Array(0, 1, -0.0737702, 0.0216935, 0.0866638, 0.993266, 0.0666667, 1, -0.124976, 0.0288315, 0.0833109, 0.988235, 0.133333, 1, -0.117425, 0.0497444, 0.0675107, 0.989535, 0.2, 1, -0.0213543, 0.0699404, 0.0485709, 0.996139, 0.266667, 1, -0.0113967, 0.0926999, 0.0316866, 0.995125, 0.333333, 1, 0.058439, 0.11719, 0.0749324, 0.988553, 0.4, 1, 0.0479607, 0.103105, 0.0889968, 0.989519, 0.466667, 1, -0.0608305, 0.0409383, 0.064229, 0.995238, 0.533333, 1, -0.0711181, 0.0247385, 0.0843315, 0.993589, 0.566667, 1, -0.0737702, 0.0216935, 0.0866638, 0.993266)
tracks/6/type = "rotation_3d"
tracks/6/imported = true
tracks/6/enabled = true
tracks/6/path = NodePath("Armature/Skeleton3D:Lower Arm.L")
tracks/6/interp = 1
tracks/6/loop_wrap = true
tracks/6/keys = PackedFloat32Array(0, 1, 0.0772833, 0.019811, -0.12543, 0.988889, 0.0666667, 1, 0.109808, 0.0268545, -0.123186, 0.985924, 0.133333, 1, 0.291115, 0.0660522, -0.107903, 0.948286, 0.2, 1, 0.507798, 0.112734, -0.0826468, 0.85006, 0.266667, 1, 0.662298, 0.145872, -0.0584093, 0.732578, 0.333333, 1, 0.657258, 0.144794, -0.0593094, 0.737244, 0.4, 1, 0.50907, 0.113007, -0.0824718, 0.84928, 0.466667, 1, 0.292537, 0.0663591, -0.107763, 0.947843, 0.533333, 1, 0.103008, 0.0253823, -0.123667, 0.986636, 0.566667, 1, 0.0772833, 0.019811, -0.12543, 0.988889)
tracks/7/type = "rotation_3d"
tracks/7/imported = true
tracks/7/enabled = true
tracks/7/path = NodePath("Armature/Skeleton3D:Upper Arm.L")
tracks/7/interp = 1
tracks/7/loop_wrap = true
tracks/7/keys = PackedFloat32Array(0, 1, -0.181794, 0.0124259, -0.302793, 0.935475, 0.133333, 1, -0.0534346, -0.0418814, -0.280941, 0.957321, 0.2, 1, 0.0832673, -0.0982914, -0.251654, 0.959206, 0.266667, 1, 0.196409, -0.143861, -0.222698, 0.943998, 0.4, 1, 0.0841242, -0.0986404, -0.251451, 0.959148, 0.466667, 1, -0.0525755, -0.0422404, -0.280776, 0.957401, 0.566667, 1, -0.181794, 0.0124259, -0.302793, 0.935475)
tracks/8/type = "rotation_3d"
tracks/8/imported = true
tracks/8/enabled = true
tracks/8/path = NodePath("Armature/Skeleton3D:Shoulder.L")
tracks/8/interp = 1
tracks/8/loop_wrap = true
tracks/8/keys = PackedFloat32Array(0, 1, 0.084505, 0.0540644, -0.914859, 0.391114, 0.266667, 1, 0.0470815, -0.0328277, -0.915867, 0.397359, 0.566667, 1, 0.084505, 0.0540644, -0.914859, 0.391114)
tracks/9/type = "rotation_3d"
tracks/9/imported = true
tracks/9/enabled = true
tracks/9/path = NodePath("Armature/Skeleton3D:Fingers02.R")
tracks/9/interp = 1
tracks/9/loop_wrap = true
tracks/9/keys = PackedFloat32Array(0, 1, 0.061098, 0.0457864, 0.103043, 0.991742, 0.566667, 1, 0.061098, 0.0457864, 0.103043, 0.991742)
tracks/10/type = "rotation_3d"
tracks/10/imported = true
tracks/10/enabled = true
tracks/10/path = NodePath("Armature/Skeleton3D:Fingers01.R")
tracks/10/interp = 1
tracks/10/loop_wrap = true
tracks/10/keys = PackedFloat32Array(0, 1, 0.096997, 0.0636521, 0.191979, 0.974517, 0.566667, 1, 0.096997, 0.0636521, 0.191979, 0.974517)
tracks/11/type = "rotation_3d"
tracks/11/imported = true
tracks/11/enabled = true
tracks/11/path = NodePath("Armature/Skeleton3D:Thumb01.R")
tracks/11/interp = 1
tracks/11/loop_wrap = true
tracks/11/keys = PackedFloat32Array(0, 1, 0.19841, 0.0597993, 0.136608, 0.968708, 0.566667, 1, 0.19841, 0.0597993, 0.136608, 0.968708)
tracks/12/type = "rotation_3d"
tracks/12/imported = true
tracks/12/enabled = true
tracks/12/path = NodePath("Armature/Skeleton3D:Hand.R")
tracks/12/interp = 1
tracks/12/loop_wrap = true
tracks/12/keys = PackedFloat32Array(0, 1, -0.00872355, -0.0957149, -0.0293246, 0.994939, 0.0666667, 1, 0.0563837, -0.11513, -0.07516, 0.988897, 0.133333, 1, 0.0479608, -0.103105, -0.0889968, 0.989519, 0.2, 1, -0.0608305, -0.0409383, -0.064229, 0.995238, 0.266667, 1, -0.0711181, -0.0247385, -0.0843315, 0.993589, 0.333333, 1, -0.127179, -0.0286347, -0.0833497, 0.987957, 0.4, 1, -0.117425, -0.0497444, -0.0675107, 0.989535, 0.466667, 1, -0.0213542, -0.0699404, -0.0485709, 0.996139, 0.533333, 1, -0.0113967, -0.0926999, -0.0316866, 0.995125, 0.566667, 1, -0.00872355, -0.0957149, -0.0293246, 0.994939)
tracks/13/type = "rotation_3d"
tracks/13/imported = true
tracks/13/enabled = true
tracks/13/path = NodePath("Armature/Skeleton3D:Lower Arm.R")
tracks/13/interp = 1
tracks/13/loop_wrap = true
tracks/13/keys = PackedFloat32Array(0, 1, 0.681038, -0.14988, 0.0549842, 0.714633, 0.0666667, 1, 0.657258, -0.144794, 0.0593094, 0.737244, 0.133333, 1, 0.50907, -0.113007, 0.0824717, 0.84928, 0.2, 1, 0.292537, -0.0663591, 0.107763, 0.947843, 0.266667, 1, 0.103008, -0.0253822, 0.123667, 0.986636, 0.333333, 1, 0.109808, -0.0268545, 0.123186, 0.985924, 0.4, 1, 0.291115, -0.0660521, 0.107903, 0.948286, 0.466667, 1, 0.507798, -0.112734, 0.0826468, 0.85006, 0.533333, 1, 0.662298, -0.145872, 0.0584093, 0.732578, 0.566667, 1, 0.681038, -0.14988, 0.0549842, 0.714633)
tracks/14/type = "rotation_3d"
tracks/14/imported = true
tracks/14/enabled = true
tracks/14/path = NodePath("Armature/Skeleton3D:Upper Arm.R")
tracks/14/interp = 1
tracks/14/loop_wrap = true
tracks/14/keys = PackedFloat32Array(0, 1, 0.211839, 0.149993, 0.218406, 0.940705, 0.133333, 1, 0.0841242, 0.0986404, 0.251451, 0.959148, 0.2, 1, -0.0525755, 0.0422404, 0.280776, 0.957401, 0.266667, 1, -0.166253, -0.00577983, 0.300446, 0.93918, 0.4, 1, -0.0534346, 0.0418814, 0.280941, 0.957321, 0.466667, 1, 0.0832673, 0.0982914, 0.251654, 0.959206, 0.566667, 1, 0.211839, 0.149993, 0.218406, 0.940705)
tracks/15/type = "rotation_3d"
tracks/15/imported = true
tracks/15/enabled = true
tracks/15/path = NodePath("Armature/Skeleton3D:Shoulder.R")
tracks/15/interp = 1
tracks/15/loop_wrap = true
tracks/15/keys = PackedFloat32Array(0, 1, 0.0454699, 0.0365408, 0.915726, 0.397547, 0.266667, 1, 0.0829184, -0.0503547, 0.91507, 0.391453, 0.566667, 1, 0.0454699, 0.0365408, 0.915726, 0.397547)
tracks/16/type = "rotation_3d"
tracks/16/imported = true
tracks/16/enabled = true
tracks/16/path = NodePath("Armature/Skeleton3D:Chest")
tracks/16/interp = 1
tracks/16/loop_wrap = true
tracks/16/keys = PackedFloat32Array(0, 1, -0.0353805, 0.11353, -0.00597157, 0.992886, 0.2, 1, -0.0355848, -0.0385744, 0.00202896, 0.99862, 0.266667, 1, -0.0354165, -0.104315, 0.00548686, 0.993898, 0.466667, 1, -0.0355848, 0.0385743, -0.00202897, 0.99862, 0.566667, 1, -0.0353805, 0.11353, -0.00597157, 0.992886)
tracks/17/type = "rotation_3d"
tracks/17/imported = true
tracks/17/enabled = true
tracks/17/path = NodePath("Armature/Skeleton3D:Spine")
tracks/17/interp = 1
tracks/17/loop_wrap = true
tracks/17/keys = PackedFloat32Array(0, 1, -0.0830465, 0.0445791, -0.00260953, 0.995545, 0.266667, 1, -0.0830595, -0.0409251, 0.00239566, 0.995701, 0.566667, 1, -0.0830465, 0.0445791, -0.00260953, 0.995545)
tracks/18/type = "rotation_3d"
tracks/18/imported = true
tracks/18/enabled = true
tracks/18/path = NodePath("Armature/Skeleton3D:Toes.L")
tracks/18/interp = 1
tracks/18/loop_wrap = true
tracks/18/keys = PackedFloat32Array(0, 1, 0.148682, 0.510473, 0.225321, 0.81642, 0.0666667, 1, 0.244833, 0.442008, 0.357972, 0.785202, 0.133333, 1, 0.217857, 0.463281, 0.320823, 0.796857, 0.2, 1, 0.28858, 0.403664, 0.418091, 0.760906, 0.266667, 1, 0.168296, 0.498113, 0.252432, 0.812305, 0.333333, 1, 0.0722973, 0.551465, 0.1195, 0.822423, 0.4, 1, 0.0204268, 0.573127, 0.0474387, 0.817837, 0.466667, 1, 0.0620533, 0.556131, 0.105281, 0.822061, 0.566667, 1, 0.148682, 0.510473, 0.225321, 0.81642)
tracks/19/type = "rotation_3d"
tracks/19/imported = true
tracks/19/enabled = true
tracks/19/path = NodePath("Armature/Skeleton3D:Foot.L")
tracks/19/interp = 1
tracks/19/loop_wrap = true
tracks/19/keys = PackedFloat32Array(0, 1, 0.312343, 0.15884, 0.147351, 0.924932, 0.0666667, 1, 0.481349, 0.115114, 0.174314, 0.851274, 0.133333, 1, 0.750934, 0.0231131, 0.199061, 0.629237, 0.2, 1, 0.462771, -0.0725119, 0.179054, 0.865173, 0.266667, 1, 0.358269, -0.101831, 0.154467, 0.915103, 0.333333, 1, 0.476813, -0.111835, 0.11455, 0.864304, 0.4, 1, 0.659498, -0.0680793, 0.145747, 0.734292, 0.466667, 1, 0.502378, 0.0792336, 0.182826, 0.841376, 0.533333, 1, 0.0757643, 0.125816, 0.18396, 0.9719, 0.566667, 1, 0.312343, 0.15884, 0.147351, 0.924932)
tracks/20/type = "scale_3d"
tracks/20/imported = true
tracks/20/enabled = true
tracks/20/path = NodePath("Armature/Skeleton3D:Foot.L")
tracks/20/interp = 1
tracks/20/loop_wrap = true
tracks/20/keys = PackedFloat32Array(0, 1, 0.999994, 0.999976, 1.00002, 0.0666667, 1, 0.999994, 0.99999, 1.00001, 0.133333, 1, 1, 0.999993, 0.999996, 0.4, 1, 1, 0.999996, 0.999992, 0.466667, 1, 0.999993, 0.999991, 1.00001, 0.566667, 1, 0.999994, 0.999976, 1.00002)
tracks/21/type = "rotation_3d"
tracks/21/imported = true
tracks/21/enabled = true
tracks/21/path = NodePath("Armature/Skeleton3D:Lower Leg.L")
tracks/21/interp = 1
tracks/21/loop_wrap = true
tracks/21/keys = PackedFloat32Array(0, 1, -0.140783, -5.05971e-05, 0.00400751, 0.990032, 0.0666667, 1, -0.424771, -4.6224e-05, 0.0120914, 0.90522, 0.133333, 1, -0.568987, -4.19464e-05, 0.0161966, 0.822187, 0.2, 1, -0.37634, -4.73096e-05, 0.0107128, 0.92642, 0.266667, 1, -0.337113, -4.8085e-05, 0.00959619, 0.941415, 0.333333, 1, -0.484198, -4.46382e-05, 0.013783, 0.87485, 0.4, 1, -0.761999, -3.29567e-05, 0.0216907, 0.647214, 0.466667, 1, -0.668824, -3.79088e-05, 0.0190384, 0.743177, 0.533333, 1, -0.207034, -4.99981e-05, 0.00589339, 0.978316, 0.566667, 1, -0.140784, -5.06075e-05, 0.00400752, 0.990032)
tracks/22/type = "scale_3d"
tracks/22/imported = true
tracks/22/enabled = true
tracks/22/path = NodePath("Armature/Skeleton3D:Lower Leg.L")
tracks/22/interp = 1
tracks/22/loop_wrap = true
tracks/22/keys = PackedFloat32Array(0, 1, 1, 1, 0.999998, 0.133333, 1, 1, 1.00002, 0.999987, 0.266667, 1, 1, 1.00001, 0.999993, 0.4, 1, 0.999999, 1.00002, 0.999983, 0.466667, 1, 1, 1.00002, 0.999984, 0.566667, 1, 1, 1, 0.999998)
tracks/23/type = "rotation_3d"
tracks/23/imported = true
tracks/23/enabled = true
tracks/23/path = NodePath("Armature/Skeleton3D:Upper Leg.L")
tracks/23/interp = 1
tracks/23/loop_wrap = true
