[gd_scene load_steps=30 format=3 uid="uid://dvskyskj2hvfe"]

[ext_resource type="Script" path="res://Character/CharacterMovement_Base.gd" id="1_78um4"]
[ext_resource type="ArrayMesh" uid="uid://4777i7nyast8" path="res://Character/Mesh/RealisticCharacter_eyebrow001001.res" id="2_qvdr1"]
[ext_resource type="ArrayMesh" uid="uid://cy2r62ng2vyvy" path="res://Character/Mesh/RealisticCharacter_high-poly001.res" id="3_ufotm"]
[ext_resource type="ArrayMesh" uid="uid://dq3umj5qkmts0" path="res://Character/Mesh/RealisticCharacter_male_casualsuit02001.res" id="4_pyjr2"]
[ext_resource type="ArrayMesh" uid="uid://i558idmsinue" path="res://Character/Mesh/RealisticCharacter_male_generic001.res" id="5_y6kla"]
[ext_resource type="ArrayMesh" uid="uid://ccyl6qpj1kv1b" path="res://Character/Mesh/RealisticCharacter_shoes04.res" id="6_f0oos"]
[ext_resource type="ArrayMesh" uid="uid://is3sfx616r25" path="res://Character/Mesh/RealisticCharacter_short01001.res" id="7_j7uu1"]
[ext_resource type="Script" path="res://Player/Camera.gd" id="8_aq7c4"]
[ext_resource type="AudioStream" uid="uid://bpnobn6wg8hxp" path="res://Character/footstep_sound/footstep2.wav" id="8_gwq64"]
[ext_resource type="ArrayMesh" uid="uid://dd0b0crwoluu6" path="res://Character/Mesh/RealisticCharacter_tongue01001.res" id="8_vwje3"]
[ext_resource type="Script" path="res://Character/Interaction.gd" id="9_2ydqu"]

[sub_resource type="CapsuleShape3D" id="CapsuleShape3D_c35sx"]
resource_local_to_scene = true
radius = 0.375
height = 2.0

[sub_resource type="SkeletonModification3DLookAt" id="SkeletonModification3DLookAt_dh58x"]
bone_name = "spine_02"
bone_index = 3
target_nodepath = NodePath("../../LookAtObject")
additional_rotation = Vector3(90, 180, 0)

[sub_resource type="SkeletonModificationStack3D" id="SkeletonModificationStack3D_6w7rv"]
enabled = true
strength = 0.25
modification_count = 1
modifications/0 = SubResource( "SkeletonModification3DLookAt_dh58x" )

[sub_resource type="SkeletonModification3DStackHolder" id="SkeletonModification3DStackHolder_an4ye"]
held_modification_stack = SubResource( "SkeletonModificationStack3D_6w7rv" )

[sub_resource type="SkeletonModification3DLookAt" id="SkeletonModification3DLookAt_bc4vv"]
bone_name = "spine_03"
bone_index = 4
target_nodepath = NodePath("../../LookAtObject")
additional_rotation = Vector3(90, 180, 0)

[sub_resource type="SkeletonModificationStack3D" id="SkeletonModificationStack3D_fb2y0"]
enabled = true
strength = 0.3
modification_count = 1
modifications/0 = SubResource( "SkeletonModification3DLookAt_bc4vv" )

[sub_resource type="SkeletonModification3DStackHolder" id="SkeletonModification3DStackHolder_cg8p7"]
held_modification_stack = SubResource( "SkeletonModificationStack3D_fb2y0" )

[sub_resource type="SkeletonModification3DLookAt" id="SkeletonModification3DLookAt_3t7ni"]
bone_name = "head"
bone_index = 44
target_nodepath = NodePath("../../LookAtObject")
additional_rotation = Vector3(90, 180, 0)

[sub_resource type="SkeletonModificationStack3D" id="SkeletonModificationStack3D_e2g61"]
enabled = true
strength = 0.5
modification_count = 1
modifications/0 = SubResource( "SkeletonModification3DLookAt_3t7ni" )

[sub_resource type="SkeletonModification3DStackHolder" id="SkeletonModification3DStackHolder_4pg2v"]
held_modification_stack = SubResource( "SkeletonModificationStack3D_e2g61" )

[sub_resource type="SkeletonModificationStack3D" id="SkeletonModificationStack3D_o8hfl"]
resource_local_to_scene = true
enabled = true
modification_count = 3
modifications/0 = SubResource( "SkeletonModification3DStackHolder_an4ye" )
modifications/1 = SubResource( "SkeletonModification3DStackHolder_cg8p7" )
modifications/2 = SubResource( "SkeletonModification3DStackHolder_4pg2v" )

[sub_resource type="Skin" id="Skin_r703q"]
resource_name = "Skin"
bind_count = 53
bind/0/name = &"Root"
bind/0/bone = -1
bind/0/pose = Transform3D(0, -10, -0.00360056, 10, 0, 0, 0, -0.00360056, 10, -0.000430948, 0.0345602, -1.05776)
bind/1/name = &"pelvis"
bind/1/bone = -1
bind/1/pose = Transform3D(10, 8.98969e-06, 4.90856e-05, -4.8674e-05, 3.44941, 9.38625, -9.25408e-06, -9.38625, 3.44941, -0.00341738, -10.7795, -3.14724)
bind/2/name = &"spine_01"
bind/2/bone = -1
bind/2/pose = Transform3D(9.99992, -0.00666664, 0.0381138, -0.0386924, -1.72814, 9.84947, 1.94073e-05, -9.84954, -1.72816, -0.0489192, -11.7738, 3.19434)
bind/3/name = &"spine_02"
bind/3/bone = -1
bind/3/pose = Transform3D(10, 3.3093e-06, -4.34948e-07, 3.09789e-07, 1.33482, 9.91051, 2.48785e-06, -9.91051, 1.33482, 9.04401e-07, -13.0154, -0.782706)
bind/4/name = &"spine_03"
bind/4/bone = -1
bind/4/pose = Transform3D(9.99933, 0.0249829, 0.113094, -0.11582, 2.15598, 9.76414, 1.00026e-05, -9.76479, 2.15612, -0.157772, -13.6214, -1.92469)
bind/5/name = &"clavicle_l"
bind/5/bone = -1
bind/5/pose = Transform3D(0.427291, -0.55805, -9.97527, 9.97681, 0.553284, 0.396404, 0.529794, -9.96908, 0.580397, 16.5232, -0.901315, -0.434606)
bind/6/name = &"upperarm_l"
bind/6/bone = -1
bind/6/pose = Transform3D(-0.320227, -0.641343, -9.97427, 9.9902, 0.284654, -0.339041, 0.305665, -9.97535, 0.631598, 16.6749, -1.43274, -0.474895)
bind/7/name = &"lowerarm_l"
bind/7/bone = -1
bind/7/pose = Transform3D(0.321258, -1.91181, -9.81029, 9.9555, -0.808719, 0.483614, -0.885835, -9.78218, 1.87732, 16.1875, -5.51451, -1.97509)
bind/8/name = &"hand_l"
bind/8/bone = -1
bind/8/pose = Transform3D(0.847869, 4.91939, -8.66492, 9.6698, -2.5038, -0.475302, -2.40334, -8.3385, -4.96924, 13.5455, -6.53586, 10.5301)
bind/9/name = &"index_01_l"
bind/9/bone = -1
bind/9/pose = Transform3D(-0.267151, 7.58201, -6.51474, 9.96444, -0.319019, -0.779898, -0.799152, -6.5124, -7.54652, 11.1381, -7.56628, 13.3158)
bind/10/name = &"index_02_l"
bind/10/bone = -1
bind/10/pose = Transform3D(-0.700933, 7.1435, -6.96269, 9.96362, 0.162226, -0.8366, -0.484673, -6.996, -7.12889, 12.2865, -7.83857, 12.3262)
bind/11/name = &"index_03_l"
bind/11/bone = -1
bind/11/pose = Transform3D(-1.34221, 7.50113, -6.47545, 9.81643, 0.112903, -1.90393, -1.35505, -6.61213, -7.37859, 12.091, -6.24866, 13.5783)
bind/12/name = &"middle_01_l"
bind/12/bone = -1
bind/12/pose = Transform3D(-0.168206, 9.04112, -4.26965, 9.90083, -0.445066, -1.33249, -1.39475, -4.24972, -8.94396, 7.04604, -6.59675, 16.3473)
bind/13/name = &"middle_02_l"
bind/13/bone = -1
bind/13/pose = Transform3D(0.309485, 8.66209, -4.98723, 9.89554, -0.968426, -1.06794, -1.40804, -4.90208, -8.60157, 7.80636, -7.4606, 15.8055)
bind/14/name = &"middle_03_l"
bind/14/bone = -1
bind/14/pose = Transform3D(-0.282976, 9.0954, -4.14652, 9.73227, -0.695876, -2.19058, -2.28096, -4.0975, -8.8322, 6.97355, -5.814, 17.0213)
bind/15/name = &"pinky_01_l"
bind/15/bone = -1
bind/15/pose = Transform3D(0.0856721, 9.41608, -3.36603, 9.99602, -0.17108, -0.224164, -0.26866, -3.36277, -9.4138, 4.82733, -8.43282, 16.161)
bind/16/name = &"pinky_02_l"
bind/16/bone = -1
bind/16/pose = Transform3D(0.528982, 9.27265, -3.7065, 9.98175, -0.599292, -0.0746993, -0.291393, -3.69579, -9.28743, 5.00051, -8.92975, 15.996)
bind/17/name = &"pinky_03_l"
bind/17/bone = -1
bind/17/pose = Transform3D(0.260914, 9.38297, -3.44845, 9.99189, -0.350626, -0.198032, -0.306724, -3.44049, -9.38451, 4.81311, -8.965, 16.1533)
bind/18/name = &"ring_01_l"
bind/18/bone = -1
bind/18/pose = Transform3D(-0.0819728, 9.51609, -3.07202, 9.90542, -0.343508, -1.32839, -1.36964, -3.05385, -9.42327, 4.70621, -6.56563, 17.1489)
bind/19/name = &"ring_02_l"
bind/19/bone = -1
bind/19/pose = Transform3D(0.652358, 9.1495, -3.9826, 9.88615, -1.13491, -0.987949, -1.35591, -3.87281, -9.11937, 5.56166, -7.4802, 16.6718)
bind/20/name = &"ring_03_l"
bind/20/bone = -1
bind/20/pose = Transform3D(-0.128995, 9.57599, -2.87815, 9.79509, -0.45754, -1.96131, -2.00983, -2.84447, -9.37388, 4.45152, -6.10706, 17.6729)
bind/21/name = &"thumb_01_l"
bind/21/bone = -1
bind/21/pose = Transform3D(6.505, -4.27254, 6.27937, 3.12609, -6.02873, -7.34043, 6.92189, 6.73794, -2.58605, -15.6716, 9.74199, -1.38967)
bind/22/name = &"thumb_02_l"
bind/22/bone = -1
bind/22/pose = Transform3D(-0.360822, -7.1917, 6.93897, 9.81348, -1.56692, -1.1137, 1.88822, 6.76936, 7.11409, -11.1339, -6.27108, -13.1132)
bind/23/name = &"thumb_03_l"
bind/23/bone = -1
bind/23/pose = Transform3D(1.06321, -9.08881, 4.03276, 9.94312, 0.997225, -0.373956, -0.0622745, 4.04958, 9.14314, -7.67307, -8.03364, -14.7733)
bind/24/name = &"clavicle_r"
bind/24/bone = -1
bind/24/pose = Transform3D(0.425634, 0.526896, 9.97703, -9.97681, 0.553283, 0.396406, -0.531127, -9.97077, 0.549223, -16.5231, -0.934358, -0.384731)
bind/25/name = &"upperarm_r"
bind/25/bone = -1
bind/25/pose = Transform3D(-0.319766, 0.61215, 9.97612, -9.99024, 0.284786, -0.337692, -0.304779, -9.97719, 0.602446, -16.677, -1.46808, -0.427181)
bind/26/name = &"lowerarm_r"
bind/26/bone = -1
bind/26/pose = Transform3D(0.312222, 1.87583, 9.81752, -9.95633, -0.806183, 0.470674, 0.879761, -9.78935, 1.84246, -16.201, -5.51866, -1.91802)
bind/27/name = &"hand_r"
bind/27/bone = -1
bind/27/pose = Transform3D(0.910527, -4.83538, 8.70574, -9.67483, -2.50107, -0.377272, 2.35979, -8.38831, -4.90588, -13.5636, -6.76866, 10.4063)
bind/28/name = &"index_01_r"
bind/28/bone = -1
bind/28/pose = Transform3D(-0.278252, -7.57121, 6.52683, -9.95905, -0.351926, -0.832811, 0.860234, -6.52327, -7.5304, -11.166, -7.51819, 13.3507)
bind/29/name = &"index_02_r"
bind/29/bone = -1
bind/29/pose = Transform3D(-0.68996, -7.13004, 6.97758, -9.9623, 0.123663, -0.85873, 0.52599, -7.01052, -7.11168, -12.2996, -7.82049, 12.3404)
bind/30/name = &"index_03_r"
bind/30/bone = -1
bind/30/pose = Transform3D(-1.37622, -7.52253, 6.44341, -9.80239, 0.101123, -1.97559, 1.42099, -6.58797, -7.38779, -12.0688, -6.11369, 13.6599)
bind/31/name = &"middle_01_r"
bind/31/bone = -1
bind/31/pose = Transform3D(-0.209765, -9.0502, 4.24851, -9.89264, -0.426822, -1.39765, 1.44624, -4.23222, -8.94409, -7.04828, -6.52488, 16.4007)
bind/32/name = &"middle_02_r"
bind/32/bone = -1
bind/32/pose = Transform3D(0.292447, -8.65884, 4.9939, -9.88715, -0.984949, -1.12878, 1.46927, -4.90454, -8.58992, -7.8312, -7.37636, 15.849)
bind/33/name = &"middle_03_r"
bind/33/bone = -1
bind/33/pose = Transform3D(-0.306088, -9.10619, 4.12112, -9.70893, -0.709018, -2.28778, 2.37549, -4.0712, -8.81944, -6.95058, -5.63258, 17.0948)
bind/34/name = &"pinky_01_r"
bind/34/bone = -1
bind/34/pose = Transform3D(0.0444363, -9.42941, 3.32931, -9.99413, -0.155004, -0.305615, 0.339783, -3.326, -9.42456, -4.80826, -8.34307, 16.2397)
bind/35/name = &"pinky_02_r"
bind/35/bone = -1
bind/35/pose = Transform3D(0.512307, -9.278, 3.69545, -9.98035, -0.609277, -0.146086, 0.360694, -3.6807, -9.29098, -5.00089, -8.8383, 16.0625)
bind/36/name = &"pinky_03_r"
bind/36/bone = -1
bind/36/pose = Transform3D(0.243619, -9.38944, 3.43208, -9.98948, -0.362065, -0.281446, 0.388526, -3.42162, -9.38838, -4.8057, -8.84037, 16.2319)
bind/37/name = &"ring_01_r"
bind/37/bone = -1
bind/37/pose = Transform3D(-0.12828, -9.52501, 3.04266, -9.89735, -0.312209, -1.39464, 1.42339, -3.02931, -9.42323, -4.70176, -6.49422, 17.2017)
bind/38/name = &"ring_02_r"
bind/38/bone = -1
bind/38/pose = Transform3D(0.647454, -9.1412, 4.0024, -9.88573, -1.13471, -0.992422, 1.36135, -3.89241, -9.11021, -5.59996, -7.49474, 16.6665)
bind/39/name = &"ring_03_r"
bind/39/bone = -1
bind/39/pose = Transform3D(-0.137436, -9.5799, 2.86471, -9.77304, -0.47701, -2.06403, 2.11397, -2.82806, -9.35592, -4.43844, -5.93039, 17.7473)
bind/40/name = &"thumb_01_r"
bind/40/bone = -1
bind/40/pose = Transform3D(6.52564, 4.30514, -6.23552, -3.08218, -6.00952, -7.37468, -6.92215, 6.73435, -2.59467, 15.6549, 9.82001, -1.41843)
bind/41/name = &"thumb_02_r"
bind/41/bone = -1
bind/41/pose = Transform3D(-0.363849, 7.25114, -6.87667, -9.80528, -1.58786, -1.15552, -1.9298, 6.70073, 7.16772, 11.027, -6.25018, -13.2557)
bind/42/name = &"thumb_03_r"
bind/42/bone = -1
bind/42/pose = Transform3D(1.16366, 9.14626, -3.87193, -9.9319, 1.09389, -0.400932, 0.0568453, 3.89223, 9.21126, 7.49655, -8.01, -14.902)
bind/43/name = &"neck_01"
bind/43/bone = -1
bind/43/pose = Transform3D(9.9991, 0.0413061, -0.127612, 0.133309, -4.11187, 9.11453, -0.0148248, -9.11542, -4.11205, 0.234444, -15.4784, 7.77324)
bind/44/name = &"head"
bind/44/bone = -1
bind/44/pose = Transform3D(9.99987, 0.0505193, -0.000387109, 2.21149e-07, 0.0766228, 9.99971, 0.0505199, -9.99958, 0.0766208, 0.00195038, -18.2547, 0.153659)
bind/45/name = &"thigh_l"
bind/45/bone = -1
bind/45/pose = Transform3D(9.05358, 4.23611, -0.296884, 0.0753159, -0.859198, -9.96274, -4.24584, 9.01761, -0.80979, -1.15722, 11.1204, 0.633425)
bind/46/name = &"calf_l"
bind/46/bone = -1
bind/46/pose = Transform3D(9.99155, -0.231328, 0.339978, 0.344925, 0.21348, -9.99177, 0.22387, 9.99506, 0.221275, -1.47037, 6.1914, -0.623062)
bind/47/name = &"foot_l"
bind/47/bone = -1
bind/47/pose = Transform3D(9.94554, -0.342009, 0.984569, 0.136801, -8.93629, -4.486, 1.03326, 4.47504, -8.88294, -1.51323, 0.879806, 0.36399)
bind/48/name = &"ball_l"
bind/48/bone = -1
bind/48/pose = Transform3D(9.90179, -0.436231, 1.32826, -0.564068, -9.93968, 0.940621, 1.27921, -1.0063, -9.86666, -1.519, -0.901367, -0.202423)
bind/49/name = &"thigh_r"
bind/49/bone = -1
bind/49/pose = Transform3D(9.06314, -4.21288, 0.333518, -0.0320877, -0.857772, -9.96309, 4.22596, 9.02865, -0.790941, 1.10969, 11.126, 0.606286)
bind/50/name = &"calf_r"
bind/50/bone = -1
bind/50/pose = Transform3D(9.98725, 0.278288, -0.421376, -0.428326, 0.248987, -9.98772, -0.267424, 9.99306, 0.260575, 1.49089, 6.17744, -0.652984)
bind/51/name = &"foot_r"
bind/51/bone = -1
bind/51/pose = Transform3D(9.9354, 0.391281, -1.06535, -0.129277, -8.93577, -4.48729, -1.12753, 4.47209, -8.87295, 1.53256, 0.899534, 0.34096)
bind/52/name = &"ball_r"
bind/52/bone = -1
bind/52/pose = Transform3D(9.89045, 0.426765, -1.41318, 0.56354, -9.93954, 0.942661, -1.3644, -1.01197, -9.85466, 1.53225, -0.887649, -0.217853)

[sub_resource type="AnimationNodeAnimation" id="AnimationNodeAnimation_4ucok"]
animation = &"Idle"

[sub_resource type="AnimationNodeAnimation" id="AnimationNodeAnimation_211eg"]
animation = &"Walk"

[sub_resource type="AnimationNodeAnimation" id="AnimationNodeAnimation_dwgxg"]
animation = &"Run"

[sub_resource type="AnimationNodeBlendSpace1D" id="AnimationNodeBlendSpace1D_lykgp"]
blend_point_0/node = SubResource( "AnimationNodeAnimation_4ucok" )
blend_point_0/pos = -1.0
blend_point_1/node = SubResource( "AnimationNodeAnimation_211eg" )
blend_point_1/pos = 0.0
blend_point_2/node = SubResource( "AnimationNodeAnimation_dwgxg" )
blend_point_2/pos = 1.0

[sub_resource type="AnimationNodeBlendTree" id="AnimationNodeBlendTree_512i8"]
graph_offset = Vector2(-789.458, -259)
nodes/IWR_Blend/node = SubResource( "AnimationNodeBlendSpace1D_lykgp" )
nodes/IWR_Blend/position = Vector2(60, 160)
node_connections = [&"output", 0, &"IWR_Blend"]

[sub_resource type="AnimationNodeBlendTree" id="AnimationNodeBlendTree_ss86b"]
graph_offset = Vector2(-28, 121)
nodes/VelocityDirection/node = SubResource( "AnimationNodeBlendTree_512i8" )
nodes/VelocityDirection/position = Vector2(300, 180)
nodes/output/position = Vector2(520, 180)
node_connections = [&"output", 0, &"VelocityDirection"]

[node name="Character" type="CharacterBody3D"]
transform = Transform3D(0.987165, 0, 0, 0, 0.987165, 0, 0, 0, 0.987165, 0, 0, 0)
script = ExtResource( "1_78um4" )
RotationMode = 1

[node name="CollisionShape3D" type="CollisionShape3D" parent="."]
transform = Transform3D(1, 0, 0, 0, 1, 0, 0, 0, 1, 0, 1, 0)
shape = SubResource( "CapsuleShape3D_c35sx" )

[node name="HeadBonker" type="RayCast3D" parent="CollisionShape3D"]
transform = Transform3D(1, 0, 0, 0, 1, 0, 0, 0, 1, 0, 1, 0)
target_position = Vector3(0, 0.1, 0)

[node name="Armature" type="Node3D" parent="."]

[node name="Skeleton3D" type="Skeleton3D" parent="Armature"]
transform = Transform3D(0.1, 0, 0, 0, 0.1, 0, 0, 0, 0.1, 0, 0, 0)
bones/0/name = "Root"
bones/0/parent = -1
bones/0/rest = Transform3D(-1.19209e-07, -0.000359893, 1, 1, -1.19209e-07, 8.9407e-08, 1.78814e-07, 1, 0.000359893, -0.000430971, 0.0345603, -1.05776)
bones/0/enabled = true
bones/0/position = Vector3(-0.000430971, 0.0345603, -1.05776)
bones/0/rotation = Quaternion(0.49991, 0.49991, 0.50009, 0.50009)
bones/0/scale = Vector3(1, 1, 1)
bones/1/name = "pelvis"
bones/1/parent = 0
bones/1/rest = Transform3D(5.96046e-06, 0.938624, 0.344941, -0.00036037, -0.344941, 0.938624, 1, -0.000129849, 0.00033623, 11.1689, 0.293543, 0.00389892)
bones/1/enabled = true
bones/1/position = Vector3(11.1689, 0.293543, 0.00389892)
bones/1/rotation = Quaternion(-0.579787, -0.404573, -0.579929, 0.404784)
bones/1/scale = Vector3(1, 1, 1)
bones/2/name = "spine_01"
bones/2/parent = 1
bones/2/rest = Transform3D(0.999992, -0.00386456, 2.9814e-07, 0.00334257, 0.864884, -0.50196, 0.0019396, 0.501956, 0.864891, 9.96251e-08, 1.00703, -1.43015e-07)
bones/2/enabled = true
bones/2/position = Vector3(9.96251e-08, 1.00703, -1.43015e-07)
bones/2/rotation = Quaternion(0.259912, -0.000502081, 0.00186591, 0.96563)
bones/2/scale = Vector3(1, 1, 1)
bones/3/name = "spine_02"
bones/3/parent = 2
bones/3/rest = Transform3D(0.999993, 0.00368828, 0.00116978, -0.00386934, 0.953065, 0.30274, 1.71299e-06, -0.302743, 0.953072, -9.21572e-11, 0.867743, -2.94362e-07)
bones/3/enabled = true
bones/3/position = Vector3(-9.21572e-11, 0.867743, -2.94362e-07)
bones/3/rotation = Quaternion(-0.153179, 0.000295505, -0.00191197, 0.988197)
bones/3/scale = Vector3(1, 1, 1)
bones/4/name = "spine_03"
bones/4/parent = 3
bones/4/rest = Transform3D(0.999933, -0.0115821, 7.49365e-07, 0.0115417, 0.996454, 0.0833404, -0.000966, -0.0833348, 0.996521, -2.37615e-08, 0.719885, -2.15203e-07)
bones/4/enabled = true
bones/4/position = Vector3(-2.37615e-08, 0.719885, -2.15203e-07)
bones/4/rotation = Quaternion(-0.0417058, 0.000241902, 0.00578607, 0.999113)
bones/4/scale = Vector3(1, 1, 1)
bones/5/name = "clavicle_l"
bones/5/parent = 4
bones/5/rest = Transform3D(0.0313053, 0.998201, 0.0511418, -0.986525, 0.0390788, -0.158874, -0.160586, -0.0454791, 0.985973, 0.246883, 2.64538, 1.11623)
bones/5/enabled = true
bones/5/position = Vector3(0.246883, 2.64538, 1.11623)
bones/5/rotation = Quaternion(0.0395378, 0.0738243, -0.692024, 0.717)
bones/5/scale = Vector3(1, 1, 1)
bones/6/name = "upperarm_l"
bones/6/parent = 5
bones/6/rest = Transform3D(0.997172, 0.074919, -0.00603006, -0.0750353, 0.996934, -0.0221927, 0.00434892, 0.0225824, 0.999736, 7.28101e-07, 1.76769, 1.25816e-07)
bones/6/enabled = true
bones/6/position = Vector3(7.28101e-07, 1.76769, 1.25816e-07)
bones/6/rotation = Quaternion(0.0112024, -0.00259675, -0.0375175, 0.99923)
bones/6/scale = Vector3(1, 1, 1)
bones/7/name = "lowerarm_l"
bones/7/parent = 6
bones/7/rest = Transform3D(0.989737, -0.0749306, -0.121675, 0.0599131, 0.990633, -0.122707, 0.12973, 0.114158, 0.984956, -7.06282e-07, 2.81792, 2.63051e-07)
bones/7/enabled = true
bones/7/position = Vector3(-7.06282e-07, 2.81792, 2.63051e-07)
bones/7/rotation = Quaternion(0.0594744, -0.0631256, 0.033858, 0.995656)
bones/7/scale = Vector3(1, 1, 1)
bones/8/name = "hand_l"
bones/8/parent = 7
bones/8/rest = Transform3D(0.758728, 0.125561, 0.639192, 0.00272081, 0.980628, -0.195862, -0.651402, 0.150345, 0.743688, 2.09361e-06, 2.92033, 0)
bones/8/enabled = true
bones/8/position = Vector3(2.09361e-06, 2.92033, 0)
bones/8/rotation = Quaternion(0.0927526, 0.345764, -0.0329103, 0.933146)
bones/8/scale = Vector3(1, 1, 1)
bones/9/name = "index_01_l"
bones/9/parent = 8
bones/9/rest = Transform3D(0.935219, 0.136369, 0.326754, -0.184707, 0.975236, 0.12165, -0.302073, -0.174123, 0.937247, -0.190303, 1.28046, 0.0969278)
bones/9/enabled = true
bones/9/position = Vector3(-0.190303, 1.28046, 0.0969278)
bones/9/rotation = Quaternion(-0.0753925, 0.160288, -0.0818421, 0.980778)
bones/9/scale = Vector3(1, 1, 1)
bones/10/name = "index_02_l"
bones/10/parent = 9
bones/10/rest = Transform3D(0.997094, 0.0401842, -0.0647144, -0.0383314, 0.998826, 0.0296217, 0.0658287, -0.0270551, 0.997464, 3.38467e-07, 0.368925, 1.72467e-06)
bones/10/enabled = true
bones/10/position = Vector3(3.38467e-07, 0.368925, 1.72467e-06)
bones/10/rotation = Quaternion(-0.0141809, -0.0326628, -0.0196452, 0.999173)
bones/10/scale = Vector3(1, 1, 1)
bones/11/name = "index_03_l"
bones/11/parent = 10
bones/11/rest = Transform3D(0.996117, 0.0718231, 0.0509086, -0.0673902, 0.994184, -0.0840095, -0.0566463, 0.0802526, 0.995164, 4.7443e-07, 0.329261, 1.51632e-06)
bones/11/enabled = true
bones/11/position = Vector3(4.7443e-07, 0.329261, 1.51632e-06)
bones/11/rotation = Quaternion(0.0411404, 0.0269377, -0.0348667, 0.998181)
bones/11/scale = Vector3(1, 1, 1)
bones/12/name = "middle_01_l"
bones/12/parent = 8
bones/12/rest = Transform3D(0.813303, 0.177511, 0.554101, -0.222343, 0.974867, 0.0140461, -0.537682, -0.134624, 0.832331, -0.0721589, 1.23211, -0.175849)
bones/12/enabled = true
bones/12/position = Vector3(-0.0721589, 1.23211, -0.175849)
bones/12/rotation = Quaternion(-0.039067, 0.286894, -0.105072, 0.951381)
bones/12/scale = Vector3(1, 1, 1)
bones/13/name = "middle_02_l"
bones/13/parent = 12
bones/13/rest = Transform3D(0.995566, -0.058604, -0.0735772, 0.058544, 0.99828, -0.00297447, 0.073625, -0.00134622, 0.997285, 8.20326e-07, 0.441018, -1.78591e-07)
bones/13/enabled = true
bones/13/position = Vector3(8.20326e-07, 0.441018, -1.78591e-07)
bones/13/rotation = Quaternion(0.000407513, -0.0368414, 0.0293195, 0.998891)
bones/13/scale = Vector3(1, 1, 1)
bones/14/name = "middle_03_l"
bones/14/parent = 13
bones/14/rest = Transform3D(0.993772, 0.0790916, 0.0784942, -0.0718018, 0.993194, -0.0917096, -0.0852134, 0.0855024, 0.992687, -3.68984e-07, 0.375563, -1.8261e-06)
bones/14/enabled = true
bones/14/position = Vector3(-3.68984e-07, 0.375563, -1.8261e-06)
bones/14/rotation = Quaternion(0.0444161, 0.0410314, -0.0378197, 0.997453)
bones/14/scale = Vector3(1, 1, 1)
bones/15/name = "pinky_01_l"
bones/15/parent = 8
bones/15/rest = Transform3D(0.755603, 0.0957606, 0.647992, -0.211477, 0.971944, 0.102962, -0.619953, -0.214834, 0.754655, 0.233292, 1.01727, -0.484802)
bones/15/enabled = true
bones/15/position = Vector3(0.233292, 1.01727, -0.484802)
bones/15/rotation = Quaternion(-0.0851513, 0.339738, -0.0823223, 0.933033)
bones/15/scale = Vector3(1, 1, 1)
bones/16/name = "pinky_02_l"
bones/16/parent = 15
bones/16/rest = Transform3D(0.998335, -0.0453639, -0.0356305, 0.0453219, 0.99897, -0.00198597, 0.0356839, 0.00036782, 0.999363, -6.85453e-07, 0.292871, -7.59959e-07)
bones/16/enabled = true
bones/16/position = Vector3(-6.85453e-07, 0.292871, -7.59959e-07)
bones/16/rotation = Quaternion(0.000588693, -0.017836, 0.0226809, 0.999583)
bones/16/scale = Vector3(1, 1, 1)
bones/17/name = "pinky_03_l"
bones/17/parent = 16
bones/17/rest = Transform3D(0.999247, 0.0276829, 0.0271899, -0.0276117, 0.999614, -0.00298774, -0.0272621, 0.00223472, 0.999626, 8.56386e-07, 0.212956, 1.6938e-06)
bones/17/enabled = true
bones/17/position = Vector3(8.56386e-07, 0.212956, 1.6938e-06)
bones/17/rotation = Quaternion(0.00130586, 0.0136156, -0.0138263, 0.999811)
bones/17/scale = Vector3(1, 1, 1)
bones/18/name = "ring_01_l"
bones/18/parent = 8
bones/18/rest = Transform3D(0.733626, 0.182191, 0.654675, -0.231589, 0.972749, -0.0111898, -0.638874, -0.143407, 0.755827, 0.0621082, 1.13266, -0.366417)
bones/18/enabled = true
bones/18/position = Vector3(0.0621082, 1.13266, -0.366417)
bones/18/rotation = Quaternion(-0.0355288, 0.347598, -0.111189, 0.93035)
bones/18/scale = Vector3(1, 1, 1)
bones/19/name = "ring_02_l"
bones/19/parent = 18
bones/19/rest = Transform3D(0.992486, -0.0857536, -0.0872798, 0.0860939, 0.996287, 0.000135333, 0.0869442, -0.00764858, 0.996184, 7.56267e-07, 0.405709, -1.97764e-07)
bones/19/enabled = true
bones/19/position = Vector3(7.56267e-07, 0.405709, -1.97764e-07)
bones/19/rotation = Quaternion(-0.00194965, -0.0436381, 0.0430429, 0.998118)
bones/19/scale = Vector3(1, 1, 1)
bones/20/name = "ring_03_l"
bones/20/parent = 19
bones/20/rest = Transform3D(0.989939, 0.100147, 0.0999573, -0.0929974, 0.992927, -0.0738035, -0.106642, 0.0637652, 0.992251, 7.49932e-07, 0.301969, -1.37951e-06)
bones/20/enabled = true
bones/20/position = Vector3(7.49932e-07, 0.301969, -1.37951e-06)
bones/20/rotation = Quaternion(0.0344997, 0.0518111, -0.0484371, 0.996885)
bones/20/scale = Vector3(1, 1, 1)
bones/21/name = "thumb_01_l"
bones/21/parent = 8
bones/21/rest = Transform3D(-0.69913, 0.365971, 0.614233, 0.70615, 0.488124, 0.51292, -0.112108, 0.792339, -0.599692, -0.122673, 0.488118, 0.220874)
bones/21/enabled = true
bones/21/position = Vector3(-0.122673, 0.488118, 0.220874)
bones/21/rotation = Quaternion(0.321107, 0.834707, 0.390933, 0.217544)
bones/21/scale = Vector3(1, 1, 1)
bones/22/name = "thumb_02_l"
bones/22/parent = 21
bones/22/rest = Transform3D(0.71952, 0.635381, 0.280325, -0.0870617, 0.482994, -0.871285, -0.688993, 0.602501, 0.402841, 3.02438e-07, 0.376214, -9.26119e-07)
bones/22/enabled = true
bones/22/position = Vector3(3.02438e-07, 0.376214, -9.26119e-07)
bones/22/rotation = Quaternion(0.456532, 0.300264, -0.22379, 0.807056)
bones/22/scale = Vector3(1, 1, 1)
bones/23/name = "thumb_03_l"
bones/23/parent = 22
bones/23/rest = Transform3D(0.929635, -0.133543, 0.343431, 0.20184, 0.964306, -0.171392, -0.308284, 0.22865, 0.923407, -6.73556e-07, 0.492499, 1.34455e-06)
bones/23/enabled = true
bones/23/position = Vector3(-6.73556e-07, 0.492499, 1.34455e-06)
bones/23/rotation = Quaternion(0.102375, 0.166781, 0.0858283, 0.976902)
bones/23/scale = Vector3(1, 1, 1)
bones/24/name = "clavicle_r"
bones/24/parent = 4
bones/24/rest = Transform3D(0.0539757, -0.997028, -0.0549789, 0.985038, 0.0621895, -0.160725, 0.163667, -0.0454811, 0.985467, -0.218659, 2.65077, 1.11623)
bones/24/enabled = true
bones/24/position = Vector3(-0.218659, 2.65077, 1.11623)
bones/24/rotation = Quaternion(0.0397476, -0.0754106, 0.683612, 0.72485)
bones/24/scale = Vector3(1, 1, 1)
bones/25/name = "upperarm_r"
bones/25/parent = 24
bones/25/rest = Transform3D(0.997186, -0.0747131, 0.00623967, 0.0748352, 0.996944, -0.0224068, -0.00454653, 0.0228107, 0.999729, -7.26462e-09, 1.76769, -1.26668e-07)
bones/25/enabled = true
bones/25/position = Vector3(-7.26462e-09, 1.76769, -1.26668e-07)
bones/25/rotation = Quaternion(0.0113131, 0.00269862, 0.0374158, 0.999232)
bones/25/scale = Vector3(1, 1, 1)
bones/26/name = "lowerarm_r"
bones/26/parent = 25
bones/26/rest = Transform3D(0.989893, 0.0738568, 0.121068, -0.0590028, 0.990776, -0.121991, -0.128961, 0.113615, 0.98512, 1.19144e-06, 2.80979, -1.26764e-07)
bones/26/enabled = true
bones/26/position = Vector3(1.19144e-06, 2.80979, -1.26764e-07)
bones/26/rotation = Quaternion(0.0591549, 0.0627762, -0.0333579, 0.995714)
bones/26/scale = Vector3(1, 1, 1)
bones/27/name = "hand_r"
bones/27/parent = 26
bones/27/rest = Transform3D(0.766828, -0.114162, -0.631618, -0.0106975, 0.981645, -0.190415, 0.641764, 0.152772, 0.751532, -1.49012e-07, 2.96217, -1.19209e-07)
bones/27/enabled = true
bones/27/position = Vector3(-1.49012e-07, 2.96217, -1.19209e-07)
bones/27/rotation = Quaternion(0.0917204, -0.340325, 0.0276519, 0.935415)
bones/27/scale = Vector3(1, 1, 1)
bones/28/name = "index_01_r"
bones/28/parent = 27
bones/28/rest = Transform3D(0.931772, -0.146165, -0.33232, 0.191657, 0.975464, 0.108336, 0.308331, -0.164636, 0.936924, 0.17839, 1.25876, 0.102756)
bones/28/enabled = true
bones/28/position = Vector3(0.17839, 1.25876, 0.102756)
bones/28/rotation = Quaternion(-0.0696124, -0.163377, 0.0861506, 0.980327)
bones/28/scale = Vector3(1, 1, 1)
bones/29/name = "index_02_r"
bones/29/parent = 28
bones/29/rest = Transform3D(0.997163, -0.0376905, 0.0651494, 0.0356958, 0.998866, 0.0315151, -0.0662634, -0.0291001, 0.997378, 7.12551e-07, 0.34356, 1.82367e-06)
bones/29/enabled = true
bones/29/position = Vector3(7.12551e-07, 0.34356, 1.82367e-06)
bones/29/rotation = Quaternion(-0.0151663, 0.0328803, 0.0183617, 0.999176)
bones/29/scale = Vector3(1, 1, 1)
bones/30/name = "index_03_r"
bones/30/parent = 29
bones/30/rest = Transform3D(0.995448, -0.0774259, -0.0555687, 0.0724689, 0.993633, -0.0862684, 0.0618942, 0.0818488, 0.994721, -6.54438e-07, 0.307314, -2.31235e-07)
bones/30/enabled = true
bones/30/position = Vector3(-6.54438e-07, 0.307314, -2.31235e-07)
bones/30/rotation = Quaternion(0.0421147, -0.0294254, 0.0375498, 0.997973)
bones/30/scale = Vector3(1, 1, 1)
bones/31/name = "middle_01_r"
bones/31/parent = 27
bones/31/rest = Transform3D(0.805566, -0.191113, -0.560837, 0.230618, 0.973044, -0.000326775, 0.545782, -0.129076, 0.827926, 0.0654379, 1.21116, -0.167698)
bones/31/enabled = true
bones/31/position = Vector3(0.0654379, 1.21116, -0.167698)
bones/31/rotation = Quaternion(-0.0338976, -0.291355, 0.111035, 0.949544)
bones/31/scale = Vector3(1, 1, 1)
bones/32/name = "middle_02_r"
bones/32/parent = 31
bones/32/rest = Transform3D(0.995195, 0.0619231, 0.0758448, -0.0617705, 0.998081, -0.00435843, -0.0759691, -0.000347486, 0.99711, 1.00194e-06, 0.422653, 2.10987e-06)
bones/32/enabled = true
bones/32/position = Vector3(1.00194e-06, 0.422653, 2.10987e-06)
bones/32/rotation = Quaternion(0.00100394, 0.0379992, -0.0309606, 0.998798)
bones/32/scale = Vector3(1, 1, 1)
bones/33/name = "middle_03_r"
bones/33/parent = 32
bones/33/rest = Transform3D(0.993399, -0.0812505, -0.0809691, 0.0734361, 0.992744, -0.0952169, 0.088118, 0.0886424, 0.992158, -5.9799e-07, 0.353496, -7.24448e-07)
bones/33/enabled = true
bones/33/position = Vector3(-5.9799e-07, 0.353496, -7.24448e-07)
bones/33/rotation = Quaternion(0.04609, -0.0423869, 0.038777, 0.997284)
bones/33/scale = Vector3(1, 1, 1)
bones/34/name = "pinky_01_r"
bones/34/parent = 27
bones/34/rest = Transform3D(0.746194, -0.11011, -0.65656, 0.218976, 0.971945, 0.0858684, 0.628684, -0.207846, 0.74937, -0.232006, 0.998759, -0.474474)
bones/34/enabled = true
bones/34/position = Vector3(-0.232006, 0.998759, -0.474474)
bones/34/rotation = Quaternion(-0.0788653, -0.345102, 0.0883632, 0.931062)
bones/34/scale = Vector3(1, 1, 1)
bones/35/name = "pinky_02_r"
bones/35/parent = 34
bones/35/rest = Transform3D(0.998121, 0.0481525, 0.0379032, -0.0481132, 0.99884, -0.0019483, -0.0379531, 0.000120987, 0.99928, -2.95909e-07, 0.275667, 6.14259e-07)
bones/35/enabled = true
bones/35/position = Vector3(-2.95909e-07, 0.275667, 6.14259e-07)
bones/35/rotation = Quaternion(0.000517564, 0.018973, -0.0240778, 0.99953)
bones/35/scale = Vector3(1, 1, 1)
bones/36/name = "pinky_03_r"
bones/36/parent = 35
bones/36/rest = Transform3D(0.99923, -0.0279853, -0.0274944, 0.0278797, 0.999603, -0.00421406, 0.0276014, 0.00344428, 0.999613, -2.62159e-07, 0.200937, 6.34793e-07)
bones/36/enabled = true
bones/36/position = Vector3(-2.62159e-07, 0.200937, 6.34793e-07)
bones/36/rotation = Quaternion(0.00191496, -0.0137766, 0.013969, 0.999806)
bones/36/scale = Vector3(1, 1, 1)
bones/37/name = "ring_01_r"
bones/37/parent = 27
bones/37/rest = Transform3D(0.724289, -0.196435, -0.660923, 0.239159, 0.970622, -0.026394, 0.646691, -0.138949, 0.749989, -0.064804, 1.11326, -0.356644)
bones/37/enabled = true
bones/37/position = Vector3(-0.064804, 1.11326, -0.356644)
bones/37/rotation = Quaternion(-0.0303211, -0.352258, 0.117345, 0.928022)
bones/37/scale = Vector3(1, 1, 1)
bones/38/name = "ring_02_r"
bones/38/parent = 37
bones/38/rest = Transform3D(0.991649, 0.0905667, 0.0918139, -0.0913603, 0.995808, 0.00446946, -0.0910242, -0.0128203, 0.995766, 7.29933e-07, 0.38299, -2.42076e-06)
bones/38/enabled = true
bones/38/position = Vector3(7.29933e-07, 0.38299, -2.42076e-06)
bones/38/rotation = Quaternion(-0.00433153, 0.0458057, -0.0455774, 0.997901)
bones/38/scale = Vector3(1, 1, 1)
bones/39/name = "ring_03_r"
bones/39/parent = 38
bones/39/rest = Transform3D(0.989486, -0.102283, -0.102256, 0.0938607, 0.992032, -0.0840409, 0.110037, 0.0735595, 0.991202, 4.46935e-07, 0.296493, -1.33019e-06)
bones/39/enabled = true
bones/39/position = Vector3(4.46935e-07, 0.296493, -1.33019e-06)
bones/39/rotation = Quaternion(0.0395352, -0.0532553, 0.0492039, 0.996584)
bones/39/scale = Vector3(1, 1, 1)
bones/40/name = "thumb_01_r"
bones/40/parent = 27
bones/40/rest = Transform3D(-0.691601, -0.379502, -0.614545, -0.715494, 0.47632, 0.511064, 0.0987706, 0.793156, -0.600955, 0.118427, 0.479794, 0.2188)
bones/40/enabled = true
bones/40/position = Vector3(0.118427, 0.479794, 0.2188)
bones/40/rotation = Quaternion(0.329026, -0.831997, -0.391895, 0.214338)
bones/40/scale = Vector3(1, 1, 1)
bones/41/name = "thumb_02_r"
bones/41/parent = 40
bones/41/rest = Transform3D(0.717225, -0.636164, -0.284401, 0.0825891, 0.482855, -0.871797, 0.69193, 0.601786, 0.398856, -4.9938e-07, 0.370969, 1.02799e-06)
bones/41/enabled = true
bones/41/position = Vector3(-4.9938e-07, 0.370969, 1.02799e-06)
bones/41/rotation = Quaternion(0.457032, -0.302809, 0.222922, 0.806061)
bones/41/scale = Vector3(1, 1, 1)
bones/42/name = "thumb_03_r"
bones/42/parent = 41
bones/42/rest = Transform3D(0.925234, 0.143027, -0.351405, -0.214589, 0.961114, -0.173815, 0.31288, 0.236227, 0.919948, 1.24585e-06, 0.466834, 1.33384e-06)
bones/42/enabled = true
bones/42/position = Vector3(1.24585e-06, 0.466834, 1.33384e-06)
bones/42/rotation = Quaternion(0.105086, -0.170244, -0.0916506, 0.975486)
bones/42/scale = Vector3(1, 1, 1)
bones/43/name = "neck_01"
bones/43/parent = 4
bones/43/rest = Transform3D(0.999709, 0.0226108, -0.00841008, -0.0231507, 0.801151, -0.598015, -0.00678385, 0.598036, 0.801441, 0.0232045, 3.43309, 1.10373)
bones/43/enabled = true
bones/43/position = Vector3(0.0232045, 3.43309, 1.10373)
bones/43/rotation = Quaternion(0.315086, -0.000428412, -0.0120554, 0.948986)
bones/43/scale = Vector3(1, 1, 1)
bones/44/name = "head"
bones/44/parent = 43
bones/44/rest = Transform3D(0.999919, -0.0127292, 0.000823409, 0.0112182, 0.908276, 0.41822, -0.0060715, -0.418177, 0.908345, -1.25971e-08, 1.0376, -3.47064e-07)
bones/44/enabled = true
bones/44/position = Vector3(-1.25971e-08, 1.0376, -3.47064e-07)
bones/44/rotation = Quaternion(-0.214066, 0.00176467, 0.00612906, 0.976798)
bones/44/scale = Vector3(1, 1, 1)
bones/45/name = "thigh_l"
bones/45/parent = 1
bones/45/rest = Transform3D(0.905358, 0.0075268, -0.424582, 0.11825, -0.964764, 0.235047, -0.407853, -0.263009, -0.874346, 1.22952, -0.0630054, -0.140632)
bones/45/enabled = true
bones/45/position = Vector3(1.22952, -0.0630054, -0.140632)
bones/45/rotation = Quaternion(-0.967532, -0.0324994, 0.215093, 0.128692)
bones/45/scale = Vector3(1, 1, 0.999999)
bones/46/name = "calf_l"
bones/46/parent = 45
bones/46/rest = Transform3D(0.893784, 0.0699353, 0.443013, -0.0243581, 0.993879, -0.107754, -0.447837, 0.0855178, 0.890016, 1.19358e-07, 4.86392, 3.42225e-08)
bones/46/enabled = true
bones/46/position = Vector3(1.19358e-07, 4.86392, 3.42225e-08)
bones/46/rotation = Quaternion(0.0497194, 0.229172, -0.0242571, 0.971813)
bones/46/scale = Vector3(1, 1, 1)
bones/47/name = "foot_l"
bones/47/parent = 46
bones/47/rest = Transform3D(0.997851, 0.0190885, 0.062687, -0.0648011, 0.429625, 0.900679, -0.00973929, -0.902806, 0.429939, -1.7896e-08, 5.38752, 8.89763e-08)
bones/47/enabled = true
bones/47/position = Vector3(-1.7896e-08, 5.38752, 8.89763e-08)
bones/47/rotation = Quaternion(-0.533453, 0.021423, -0.0248137, 0.845194)
bones/47/scale = Vector3(1, 1, 1)
bones/48/name = "ball_l"
bones/48/parent = 47
bones/48/rest = Transform3D(0.999356, -0.0128449, 0.0335219, -0.00705769, 0.845269, 0.534294, -0.035198, -0.534186, 0.844634, 3.5049e-07, 1.73914, -3.24908e-08)
bones/48/enabled = true
bones/48/position = Vector3(3.5049e-07, 1.73914, -3.24908e-08)
bones/48/rotation = Quaternion(-0.278142, 0.0178889, 0.00150651, 0.960372)
bones/48/scale = Vector3(1, 1, 1)
bones/49/name = "thigh_r"
bones/49/parent = 1
bones/49/rest = Transform3D(0.906313, -0.00321406, 0.422593, -0.114019, -0.964748, 0.237192, 0.406935, -0.263155, -0.874727, -1.2296, -0.0629916, -0.140628)
bones/49/enabled = true
bones/49/position = Vector3(-1.2296, -0.0629916, -0.140628)
bones/49/rotation = Quaternion(-0.967703, 0.0302865, -0.214304, 0.129262)
bones/49/scale = Vector3(1, 1, 0.999996)
bones/50/name = "calf_r"
bones/50/parent = 49
bones/50/rest = Transform3D(0.892029, -0.0826202, -0.444364, 0.0363899, 0.993087, -0.111594, 0.450512, 0.0833746, 0.888869, 1.49012e-08, 4.86414, 2.98023e-08)
bones/50/enabled = true
bones/50/position = Vector3(1.49012e-08, 4.86414, 2.98023e-08)
bones/50/rotation = Quaternion(0.0501804, -0.23032, 0.0306305, 0.971337)
bones/50/scale = Vector3(1, 1, 1)
bones/51/name = "foot_r"
bones/51/parent = 50
bones/51/rest = Transform3D(0.997849, -0.0188675, -0.0627777, 0.0648222, 0.426483, 0.90217, 0.00975196, -0.904298, 0.426789, -2.22996e-07, 5.38685, 2.77965e-08)
bones/51/enabled = true
bones/51/position = Vector3(-2.22996e-07, 5.38685, 2.77965e-08)
bones/51/rotation = Quaternion(-0.534924, -0.0214772, 0.0247819, 0.844263)
bones/51/scale = Vector3(1, 1, 1)
bones/52/name = "ball_r"
bones/52/parent = 51
bones/52/rest = Transform3D(0.999379, 0.00705896, -0.0345314, 0.0124955, 0.845141, 0.534398, 0.0329562, -0.534497, 0.844528, -9.49503e-08, 1.747, 2.79856e-07)
bones/52/enabled = true
bones/52/position = Vector3(-9.49503e-08, 1.747, 2.79856e-07)
bones/52/rotation = Quaternion(-0.278258, -0.0175686, 0.00141525, 0.960345)
bones/52/scale = Vector3(1, 1, 1)
modification_stack = SubResource( "SkeletonModificationStack3D_o8hfl" )

[node name="eyebrow001Mesh" type="MeshInstance3D" parent="Armature/Skeleton3D"]
gi_mode = 1
mesh = ExtResource( "2_qvdr1" )
skin = SubResource( "Skin_r703q" )
surface_material_override/0 = null

[node name="high-polyMesh" type="MeshInstance3D" parent="Armature/Skeleton3D"]
gi_mode = 1
mesh = ExtResource( "3_ufotm" )
skin = SubResource( "Skin_r703q" )
surface_material_override/0 = null

[node name="male_casualsuit02Mesh" type="MeshInstance3D" parent="Armature/Skeleton3D"]
gi_mode = 1
mesh = ExtResource( "4_pyjr2" )
skin = SubResource( "Skin_r703q" )
surface_material_override/0 = null

[node name="male_genericMesh" type="MeshInstance3D" parent="Armature/Skeleton3D"]
gi_mode = 1
mesh = ExtResource( "5_y6kla" )
skin = SubResource( "Skin_r703q" )
surface_material_override/0 = null

[node name="shoes04Mesh" type="MeshInstance3D" parent="Armature/Skeleton3D"]
gi_mode = 1
mesh = ExtResource( "6_f0oos" )
skin = SubResource( "Skin_r703q" )
surface_material_override/0 = null

[node name="short01Mesh" type="MeshInstance3D" parent="Armature/Skeleton3D"]
gi_mode = 1
mesh = ExtResource( "7_j7uu1" )
skin = SubResource( "Skin_r703q" )
surface_material_override/0 = null

[node name="tongue01Mesh" type="MeshInstance3D" parent="Armature/Skeleton3D"]
gi_mode = 1
mesh = ExtResource( "8_vwje3" )
skin = SubResource( "Skin_r703q" )
surface_material_override/0 = null

[node name="AnimationPlayer" type="AnimationPlayer" parent="."]

[node name="AnimationTree" type="AnimationTree" parent="."]
tree_root = SubResource( "AnimationNodeBlendTree_ss86b" )
anim_player = NodePath("../AnimationPlayer")
active = true
parameters/VelocityDirection/IWR_Blend/blend_position = -0.997339

[node name="CameraRoot" type="Node3D" parent="."]
transform = Transform3D(1, 0, 0, 0, 1, 0, 0, 0, 1, 0, 6.03796e-08, 0)
script = ExtResource( "8_aq7c4" )
ViewAngle = 2
ViewMode = 0

[node name="SpringArm3D" type="SpringArm3D" parent="CameraRoot"]
transform = Transform3D(1, 0, 0, 0, 1, 0, 0, 0, 1, 0, 1.60938, 0)
spring_length = 1.75

[node name="Camera" type="Camera3D" parent="CameraRoot/SpringArm3D"]
transform = Transform3D(1.013, 0, 7.10543e-15, 0, 1.013, 0, -7.10543e-15, 0, 1.013, 0, 0, 0)
current = true
fov = 90.0

[node name="InteractionRaycast" type="RayCast3D" parent="CameraRoot/SpringArm3D/Camera"]
visible = false
target_position = Vector3(0, 0, -6)
collision_mask = 2
script = ExtResource( "9_2ydqu" )

[node name="roll_timer" type="Timer" parent="."]
process_callback = 0
wait_time = 0.2
one_shot = true

[node name="LookAtObject" type="Position3D" parent="."]
transform = Transform3D(1, 0, 0, 0, 1, 0, 0, 0, 1, 0.939312, 1.90006, 1.47931)

[node name="FootstepSounds" type="AudioStreamPlayer3D" parent="."]
stream = ExtResource( "8_gwq64" )
unit_db = -51.4991
unit_size = 1.0
