[gd_scene load_steps=55 format=3 uid="uid://cth47yn1duvdh"]

[ext_resource type="Script" path="res://addons/AMSG/Components/CharacterMovementComponent.gd" id="1_ewnep"]
[ext_resource type="Resource" uid="uid://buhjkpv85gdmi" path="res://AMSG_Examples/Character/standing_movement_values.tres" id="2_c4o7m"]
[ext_resource type="Script" path="res://addons/AMSG/Components/CameraComponent.gd" id="2_d5854"]
[ext_resource type="PackedScene" uid="uid://dsdvjuk7muqkf" path="res://addons/AMSG/Components/AnimationComponents/AnimationTreeComponent.tscn" id="3_86f8p"]
[ext_resource type="Resource" uid="uid://bo31hnmxahuqb" path="res://AMSG_Examples/Character/crouch_movement_values.tres" id="3_p3fng"]
[ext_resource type="ArrayMesh" uid="uid://wpxkyy82pcud" path="res://AMSG_Examples/Character/Mesh/Character_Alpha_Joints.res" id="5_0247x"]
[ext_resource type="ArrayMesh" uid="uid://xm71l8lsa8hp" path="res://AMSG_Examples/Character/Mesh/Character_Alpha_Surface.res" id="6_e2l25"]
[ext_resource type="Animation" uid="uid://xhse6rakv0vp" path="res://AMSG_Examples/Character/Animations/CrouchIdle.res" id="7_e4twx"]
[ext_resource type="Animation" uid="uid://bfwuav455uabl" path="res://AMSG_Examples/Character/Animations/CrouchWalkingForward.res" id="8_y04sm"]
[ext_resource type="Animation" uid="uid://cxd1wjiaayrn6" path="res://AMSG_Examples/Character/Animations/Falling.res" id="9_el410"]
[ext_resource type="Animation" uid="uid://bjimeh2fh7g6v" path="res://AMSG_Examples/Character/Animations/FallingStart.res" id="10_ceyl8"]
[ext_resource type="Animation" uid="uid://b224n8qfg8tgq" path="res://AMSG_Examples/Character/Animations/FallingToRoll.res" id="11_g0fkm"]
[ext_resource type="Animation" uid="uid://b70e3ssiman4m" path="res://AMSG_Examples/Character/Animations/HardFalling.res" id="12_feqar"]
[ext_resource type="Animation" uid="uid://daq1w2ysqgh2u" path="res://AMSG_Examples/Character/Animations/Idle.res" id="13_6mj36"]
[ext_resource type="Animation" uid="uid://bl171l8rn5qj1" path="res://AMSG_Examples/Character/Animations/Idle1.res" id="14_8a0t0"]
[ext_resource type="Animation" uid="uid://bvxw7rnencmno" path="res://AMSG_Examples/Character/Animations/Idle2.res" id="15_h6xx4"]
[ext_resource type="Animation" uid="uid://cklbyyhlh6h4y" path="res://AMSG_Examples/Character/Animations/JogForward.res" id="16_1nyic"]
[ext_resource type="Animation" uid="uid://da8dkhg47tprj" path="res://AMSG_Examples/Character/Animations/Jogbackward.res" id="17_5glyf"]
[ext_resource type="Animation" uid="uid://dafqqqlhn3ua5" path="res://AMSG_Examples/Character/Animations/Kick.res" id="18_bjcll"]
[ext_resource type="Animation" uid="uid://c5mm314uy284i" path="res://AMSG_Examples/Character/Animations/Run.res" id="19_q06n7"]
[ext_resource type="Animation" uid="uid://ciye7exjrais1" path="res://AMSG_Examples/Character/Animations/RunToStop.res" id="20_fsxql"]
[ext_resource type="Animation" uid="uid://bylwxa24gre04" path="res://AMSG_Examples/Character/Animations/TPose.res" id="21_wy311"]
[ext_resource type="Animation" uid="uid://d4glqsi6uhv0c" path="res://AMSG_Examples/Character/Animations/TurnLeft.res" id="22_j0xj5"]
[ext_resource type="Animation" uid="uid://f8m1upuenduu" path="res://AMSG_Examples/Character/Animations/TurnRight.res" id="23_qis1m"]
[ext_resource type="Animation" uid="uid://xxj1rcp4b5k0" path="res://AMSG_Examples/Character/Animations/Walk.res" id="24_rjymo"]
[ext_resource type="Animation" uid="uid://bl4cuhnoma34i" path="res://AMSG_Examples/Character/Animations/WalkingBackward.res" id="25_fd0ml"]
[ext_resource type="Script" path="res://addons/AMSG/Components/Interaction.gd" id="26_8j4xc"]
[ext_resource type="AudioStream" uid="uid://bpnobn6wg8hxp" path="res://AMSG_Examples/Character/footstep_sound/footstep2.wav" id="27_cpdra"]

[sub_resource type="AnimationNodeAnimation" id="AnimationNodeAnimation_mb2kt"]
animation = &"TurnLeft"

[sub_resource type="AnimationNodeAnimation" id="AnimationNodeAnimation_2rfjg"]
animation = &"TurnRight"

[sub_resource type="AnimationNodeAnimation" id="AnimationNodeAnimation_v6381"]
animation = &"Falling"

[sub_resource type="AnimationNodeBlend2" id="AnimationNodeBlend2_nojly"]
sync = true

[sub_resource type="AnimationNodeBlend2" id="AnimationNodeBlend2_85ljr"]
sync = true

[sub_resource type="AnimationNodeBlend2" id="AnimationNodeBlend2_2agtf"]
filter_enabled = true
filters = ["Armature/Skeleton3D:Hips", "Armature/Skeleton3D:LeftFoot", "Armature/Skeleton3D:LeftLeg", "Armature/Skeleton3D:LeftToeBase", "Armature/Skeleton3D:LeftUpLeg", "Armature/Skeleton3D:RightFoot", "Armature/Skeleton3D:RightLeg", "Armature/Skeleton3D:RightToeBase", "Armature/Skeleton3D:RightUpLeg"]
sync = true

[sub_resource type="AnimationNodeAnimation" id="AnimationNodeAnimation_urp0s"]
animation = &"CrouchIdle"

[sub_resource type="AnimationNodeAnimation" id="AnimationNodeAnimation_ei4oj"]
animation = &"CrouchWalkingForward"

[sub_resource type="AnimationNodeAnimation" id="AnimationNodeAnimation_y1cwa"]
animation = &"Idle"

[sub_resource type="AnimationNodeAnimation" id="AnimationNodeAnimation_tk6mn"]
animation = &"Jogbackward"

[sub_resource type="AnimationNodeTransition" id="AnimationNodeTransition_5harx"]
sync = true
xfade_time = 0.1
input_0/name = "Forward"
input_0/auto_advance = false
input_0/reset = true
input_1/name = "Backward"
input_1/auto_advance = false
input_1/reset = true

[sub_resource type="AnimationNodeAnimation" id="AnimationNodeAnimation_m0htu"]
animation = &"JogForward"

[sub_resource type="AnimationNodeAnimation" id="AnimationNodeAnimation_ygb5o"]
animation = &"Run"

[sub_resource type="AnimationNodeTransition" id="AnimationNodeTransition_dcoe6"]
sync = true
xfade_time = 0.2
input_0/name = "Idle"
input_0/auto_advance = false
input_0/reset = true
input_1/name = "Walk"
input_1/auto_advance = false
input_1/reset = true
input_2/name = "Run"
input_2/auto_advance = false
input_2/reset = true
input_3/name = "Jog"
input_3/auto_advance = false
input_3/reset = true
input_4/name = "Stop"
input_4/auto_advance = false
input_4/reset = true

[sub_resource type="AnimationNodeAnimation" id="AnimationNodeAnimation_81j80"]
animation = &"RunToStop"

[sub_resource type="AnimationNodeTimeSeek" id="AnimationNodeTimeSeek_iea8q"]

[sub_resource type="AnimationNodeAnimation" id="AnimationNodeAnimation_2wk0k"]
animation = &"WalkingBackward"

[sub_resource type="AnimationNodeTransition" id="AnimationNodeTransition_f311e"]
sync = true
xfade_time = 0.1
input_0/name = "Forward"
input_0/auto_advance = false
input_0/reset = true
input_1/name = "Backward"
input_1/auto_advance = false
input_1/reset = true

[sub_resource type="AnimationNodeAnimation" id="AnimationNodeAnimation_bmtvy"]
animation = &"Walk"

[sub_resource type="AnimationNodeTransition" id="AnimationNodeTransition_3twx3"]
sync = true
xfade_time = 0.3
input_0/name = "stand"
input_0/auto_advance = false
input_0/reset = true
input_1/name = "crouch"
input_1/auto_advance = false
input_1/reset = true

[sub_resource type="AnimationNodeTransition" id="AnimationNodeTransition_rufvy"]
sync = true
xfade_time = 0.2
input_0/name = "Idle"
input_0/auto_advance = false
input_0/reset = true
input_1/name = "Walk"
input_1/auto_advance = false
input_1/reset = true

[sub_resource type="AnimationNodeBlendTree" id="AnimationNodeBlendTree_ml0kl"]
graph_offset = Vector2(-623.521, -64.6002)
nodes/CrouchIdle/node = SubResource("AnimationNodeAnimation_urp0s")
nodes/CrouchIdle/position = Vector2(-380, 640)
nodes/CrouchWalkingForward/node = SubResource("AnimationNodeAnimation_ei4oj")
nodes/CrouchWalkingForward/position = Vector2(-380, 760)
nodes/Idle/node = SubResource("AnimationNodeAnimation_y1cwa")
nodes/Idle/position = Vector2(-480, -260)
nodes/JogBackward/node = SubResource("AnimationNodeAnimation_tk6mn")
nodes/JogBackward/position = Vector2(-500, 340)
nodes/JogFB/node = SubResource("AnimationNodeTransition_5harx")
nodes/JogFB/position = Vector2(-320, 240)
nodes/JogForward/node = SubResource("AnimationNodeAnimation_m0htu")
nodes/JogForward/position = Vector2(-500, 240)
nodes/Run/node = SubResource("AnimationNodeAnimation_ygb5o")
nodes/Run/position = Vector2(-480, 120)
nodes/Standing/node = SubResource("AnimationNodeTransition_dcoe6")
nodes/Standing/position = Vector2(-140, -120)
nodes/StopAnim/node = SubResource("AnimationNodeAnimation_81j80")
nodes/StopAnim/position = Vector2(-520, 460)
nodes/StopSeek/node = SubResource("AnimationNodeTimeSeek_iea8q")
nodes/StopSeek/position = Vector2(-340, 460)
nodes/WalkBackward/node = SubResource("AnimationNodeAnimation_2wk0k")
nodes/WalkBackward/position = Vector2(-520, 0)
nodes/WalkFB/node = SubResource("AnimationNodeTransition_f311e")
nodes/WalkFB/position = Vector2(-320, -120)
nodes/WalkForward/node = SubResource("AnimationNodeAnimation_bmtvy")
nodes/WalkForward/position = Vector2(-480, -120)
nodes/crouch/node = SubResource("AnimationNodeTransition_3twx3")
nodes/crouch/position = Vector2(100, 180)
nodes/crouching/node = SubResource("AnimationNodeTransition_rufvy")
nodes/crouching/position = Vector2(-120, 640)
node_connections = [&"output", 0, &"crouch", &"JogFB", 0, &"JogForward", &"JogFB", 1, &"JogBackward", &"Standing", 0, &"Idle", &"Standing", 1, &"WalkFB", &"Standing", 2, &"Run", &"Standing", 3, &"JogFB", &"Standing", 4, &"StopSeek", &"StopSeek", 0, &"StopAnim", &"WalkFB", 0, &"WalkForward", &"WalkFB", 1, &"WalkBackward", &"crouch", 0, &"Standing", &"crouch", 1, &"crouching", &"crouching", 0, &"CrouchIdle", &"crouching", 1, &"CrouchWalkingForward"]

[sub_resource type="AnimationNodeBlendTree" id="AnimationNodeBlendTree_kgjnt"]
resource_local_to_scene = true
nodes/AnimTurnLeft/node = SubResource("AnimationNodeAnimation_mb2kt")
nodes/AnimTurnLeft/position = Vector2(500, 1540)
nodes/AnimTurnRight/node = SubResource("AnimationNodeAnimation_2rfjg")
nodes/AnimTurnRight/position = Vector2(500, 1660)
nodes/FallAnimation/node = SubResource("AnimationNodeAnimation_v6381")
nodes/FallAnimation/position = Vector2(1060, 1600)
nodes/InAir/node = SubResource("AnimationNodeBlend2_nojly")
nodes/InAir/position = Vector2(1280, 1380)
nodes/RightOrLeft/node = SubResource("AnimationNodeBlend2_85ljr")
nodes/RightOrLeft/position = Vector2(720, 1560)
nodes/Turn/node = SubResource("AnimationNodeBlend2_2agtf")
nodes/Turn/position = Vector2(980, 1400)
nodes/VelocityDirection/node = SubResource("AnimationNodeBlendTree_ml0kl")
nodes/VelocityDirection/position = Vector2(680, 1400)
nodes/output/position = Vector2(1540, 1400)
node_connections = [&"output", 0, &"InAir", &"InAir", 0, &"Turn", &"InAir", 1, &"FallAnimation", &"RightOrLeft", 0, &"AnimTurnLeft", &"RightOrLeft", 1, &"AnimTurnRight", &"Turn", 0, &"VelocityDirection", &"Turn", 1, &"RightOrLeft"]

[sub_resource type="CapsuleShape3D" id="CapsuleShape3D_70w0s"]
resource_local_to_scene = true
radius = 0.375
height = 1.0

[sub_resource type="Skin" id="Skin_hh536"]
resource_name = "Skin"
bind_count = 67
bind/0/name = &"Hips"
bind/0/bone = -1
bind/0/pose = Transform3D(1, 0, 0, 0, 1, 7.54979e-08, 0, -1.29989e-09, 1, 0, -0.996721, -0.00247052)
bind/1/name = &"Spine"
bind/1/bone = -1
bind/1/pose = Transform3D(1, 1.18365e-05, -7.20164e-07, -1.18365e-05, 0.992624, -0.121236, -7.20159e-07, 0.121236, 0.992624, -1.2985e-05, -1.08906, -0.123139)
bind/2/name = &"Spine1"
bind/2/bone = -1
bind/2/pose = Transform3D(1, -6.79409e-06, 4.12031e-07, 6.79409e-06, 0.992671, -0.120847, 4.12034e-07, 0.120847, 0.992671, 9.63012e-06, -1.20643, -0.122666)
bind/3/name = &"Spine2"
bind/3/bone = -1
bind/3/pose = Transform3D(1, 2.17781e-12, 7.67386e-13, -1.99662e-12, 1, 9.0399e-08, -8.81073e-13, 1.39091e-08, 1, 4.68595e-07, -1.34601, 0.0402908)
bind/4/name = &"Neck"
bind/4/bone = -1
bind/4/pose = Transform3D(1, -2.19724e-07, -3.27056e-08, 2.19724e-07, 0.956648, 0.291247, -3.27064e-08, -0.291247, 0.956648, 5.443e-07, -1.42204, 0.466762)
bind/5/name = &"Head"
bind/5/bone = -1
bind/5/pose = Transform3D(1, -7.85374e-06, -1.36781e-06, 7.85374e-06, 0.941122, 0.338067, -1.36781e-06, -0.338066, 0.941122, 1.27541e-05, -1.50506, 0.541638)
bind/6/name = &"HeadTop_End"
bind/6/bone = -1
bind/6/pose = Transform3D(1, 4.20641e-12, 2.50111e-12, -3.32534e-12, 1, 1.053e-07, -2.72848e-12, 4.37114e-08, 1, -1.34886e-06, -1.7843, -0.0654265)
bind/7/name = &"LeftEye"
bind/7/bone = -1
bind/7/pose = Transform3D(1, -2.21959e-09, -4.47039e-09, 2.22056e-09, 1, 4.56956e-08, 4.47028e-09, 7.35137e-08, 1, -0.029479, -1.67637, -0.0902699)
bind/8/name = &"RightEye"
bind/8/bone = -1
bind/8/pose = Transform3D(1, -2.21948e-09, -4.47028e-09, 2.22056e-09, 1, 1.35103e-07, 4.47028e-09, 1.39091e-08, 1, 0.029445, -1.67637, -0.0902674)
bind/9/name = &"LeftShoulder"
bind/9/bone = -1
bind/9/pose = Transform3D(-0.201317, 6.00703e-08, -0.979526, 0.979319, -0.0205794, -0.201274, -0.020158, -0.999788, 0.00414282, -0.020263, -0.0369095, 1.43818)
bind/10/name = &"LeftArm"
bind/10/bone = -1
bind/10/pose = Transform3D(-0.0364413, -0.0364662, -0.99867, 0.999335, 8.22009e-07, -0.0364655, 0.00133063, -0.999335, 0.0364418, -1.99121e-05, -0.189645, 1.43541)
bind/11/name = &"LeftForeArm"
bind/11/bone = -1
bind/11/pose = Transform3D(0.0361662, 0.0361891, -0.99869, 0.999345, 8.23522e-07, 0.0361899, 0.00131054, -0.999345, -0.0361654, -0.137762, -0.458848, 1.43041)
bind/12/name = &"LeftHand"
bind/12/bone = -1
bind/12/pose = Transform3D(1.40272e-07, -1.27306e-06, -1, 1, -1.12969e-06, 1.55987e-07, -1.08592e-06, -1, 1.18365e-06, -0.0592426, -0.737798, 1.43446)
bind/13/name = &"LeftHandMiddle1"
bind/13/bone = -1
bind/13/pose = Transform3D(-1.98106e-13, -1.94708e-07, -1, 1, -4.37719e-08, 1.57136e-08, 5.68434e-13, -1, 1.053e-07, -0.0592438, -0.865555, 1.43446)
bind/14/name = &"LeftHandMiddle2"
bind/14/bone = -1
bind/14/pose = Transform3D(-7.21423e-06, 1.07284e-07, -1, 1, -4.37735e-08, -7.19852e-06, -1.73432e-12, -1, -1.96692e-07, -0.0592377, -0.901695, 1.43446)
bind/15/name = &"LeftHandMiddle3"
bind/15/bone = -1
bind/15/pose = Transform3D(8.7054e-06, -1.94707e-07, -1, 1, -4.37713e-08, 8.72111e-06, -5.36147e-13, -1, 1.05299e-07, -0.0592522, -0.936292, 1.43446)
bind/16/name = &"LeftHandMiddle4"
bind/16/bone = -1
bind/16/pose = Transform3D(2.0241e-07, 6.28372e-06, -1, 1, 6.43465e-06, 2.18165e-07, 6.47843e-06, -1, -6.37313e-06, -0.0592532, -0.973104, 1.43445)
bind/17/name = &"LeftHandThumb1"
bind/17/bone = -1
bind/17/pose = Transform3D(0.499999, -8.64267e-07, -0.866026, 0.774598, -0.447213, 0.447213, -0.387298, -0.894427, -0.223605, -0.413141, 0.044035, 1.55753)
bind/18/name = &"LeftHandThumb2"
bind/18/bone = -1
bind/18/pose = Transform3D(0.500012, 2.16067e-06, -0.866018, 0.774591, -0.447213, 0.447224, -0.387294, -0.894427, -0.223614, -0.413156, -0.0034091, 1.55752)
bind/19/name = &"LeftHandThumb3"
bind/19/bone = -1
bind/19/pose = Transform3D(0.499993, 1.3262e-06, -0.86603, 0.774602, -0.447212, 0.447207, -0.387298, -0.894428, -0.223604, -0.413139, -0.0472405, 1.55753)
bind/20/name = &"LeftHandThumb4"
bind/20/bone = -1
bind/20/pose = Transform3D(-7.45058e-09, -1.35501e-06, -1, 1, -8.94069e-08, 7.45059e-08, 9.10383e-15, -1, 1.26561e-06, 0.0270757, -0.87318, 1.3565)
bind/21/name = &"LeftHandIndex1"
bind/21/bone = -1
bind/21/pose = Transform3D(9.99915e-06, 4.37107e-08, -1, 1, -4.68808e-08, 1.00149e-05, -3.10791e-09, -1, -1.33119e-07, -0.0310324, -0.860466, 1.43214)
bind/22/name = &"LeftHandIndex2"
bind/22/bone = -1
bind/22/pose = Transform3D(-2.61795e-06, 1.07284e-07, -1, 1, -4.37728e-08, -2.60223e-06, -6.29363e-13, -1, -1.96692e-07, -0.0310211, -0.899386, 1.43214)
bind/23/name = &"LeftHandIndex3"
bind/23/bone = -1
bind/23/pose = Transform3D(-2.96524e-06, -3.82923e-06, -1, 1, -3.91672e-06, -2.94952e-06, -3.87294e-06, -1, 3.73983e-06, -0.0310151, -0.933532, 1.43214)
bind/24/name = &"LeftHandIndex4"
bind/24/bone = -1
bind/24/pose = Transform3D(2.4206e-07, -1.94709e-07, -1, 1, -4.37721e-08, 2.57773e-07, -1.49086e-14, -1, 1.05302e-07, -0.0310234, -0.964317, 1.43214)
bind/25/name = &"LeftHandRing1"
bind/25/bone = -1
bind/25/pose = Transform3D(9.91587e-06, 1.07284e-07, -1, 1, -4.37065e-08, 9.93158e-06, 6.69579e-11, -1, -1.96692e-07, -0.0814193, -0.859269, 1.43456)
bind/26/name = &"LeftHandRing2"
bind/26/bone = -1
bind/26/pose = Transform3D(-6.53306e-06, 4.37114e-08, -1, 1, -4.37733e-08, -6.51735e-06, -1.15525e-12, -1, -1.33119e-07, -0.0814045, -0.895282, 1.43456)
bind/27/name = &"LeftHandRing3"
bind/27/bone = -1
bind/27/pose = Transform3D(-4.07122e-07, -1.94707e-07, -1, 1, -4.37724e-08, -3.91407e-07, 2.50739e-14, -1, 1.05299e-07, -0.0814098, -0.928355, 1.43456)
bind/28/name = &"LeftHandRing4"
bind/28/bone = -1
bind/28/pose = Transform3D(4.07122e-07, -1.94707e-07, -1, 1, -4.37723e-08, 4.22836e-07, -2.50739e-14, -1, 1.05299e-07, -0.0814106, -0.964956, 1.43456)
bind/29/name = &"LeftHandPinky1"
bind/29/bone = -1
bind/29/pose = Transform3D(6.44413e-06, 1.07284e-07, -1, 1, -4.3396e-08, 6.45985e-06, 3.77057e-10, -1, -1.96692e-07, -0.106508, -0.846881, 1.43219)
bind/30/name = &"LeftHandPinky2"
bind/30/bone = -1
bind/30/pose = Transform3D(-1.32081e-05, 4.37114e-08, -1, 1, -4.37741e-08, -1.31924e-05, -2.33559e-12, -1, -1.33119e-07, -0.106491, -0.88825, 1.43219)
bind/31/name = &"LeftHandPinky3"
bind/31/bone = -1
bind/31/pose = Transform3D(6.62527e-06, -3.96984e-06, -1, 1, -4.12087e-06, 6.641e-06, -4.07712e-06, -1, 3.88041e-06, -0.106503, -0.91419, 1.4322)
bind/32/name = &"LeftHandPinky4"
bind/32/bone = -1
bind/32/pose = Transform3D(-5.09653e-07, 3.88239e-06, -1, 1, 4.03332e-06, -4.93923e-07, 4.0771e-06, -1, -3.9718e-06, -0.106507, -0.943441, 1.43219)
bind/33/name = &"RightShoulder"
bind/33/bone = -1
bind/33/pose = Transform3D(-0.201315, 1.11759e-08, 0.979526, -0.979319, -0.0205867, -0.201272, 0.0201653, -0.999788, 0.0041443, 0.020263, -0.0368985, 1.43818)
bind/34/name = &"RightArm"
bind/34/bone = -1
bind/34/pose = Transform3D(-0.0725937, 0.0727871, 0.994702, -0.997348, -4.56814e-07, -0.0727868, -0.00529749, -0.997347, 0.0725939, -0.0590988, -0.191422, 1.43396)
bind/35/name = &"RightForeArm"
bind/35/bone = -1
bind/35/pose = Transform3D(0.0720484, -0.0722374, 0.994782, -0.997388, 2.58768e-06, 0.0722372, -0.00522082, -0.997387, -0.0720487, 0.215714, -0.454728, 1.42259)
bind/36/name = &"RightHand"
bind/36/bone = -1
bind/36/pose = Transform3D(-2.01254e-07, 9.52682e-07, 1, -1, -1.09244e-06, -3.06259e-07, 1.08546e-06, -1, 8.18572e-07, 0.0592425, -0.737798, 1.43446)
bind/37/name = &"RightHandMiddle1"
bind/37/bone = -1
bind/37/pose = Transform3D(-1.0308e-07, 1.94707e-07, 1, -1, -6.98564e-09, -2.08086e-07, -1.74057e-15, -1, 6.0597e-08, 0.0592434, -0.865555, 1.43446)
bind/38/name = &"RightHandMiddle2"
bind/38/bone = -1
bind/38/pose = Transform3D(-6.67585e-06, -1.07284e-07, 1, -1, -6.98681e-09, -6.78086e-06, 1.90333e-12, -1, -2.41395e-07, 0.0592379, -0.901695, 1.43446)
bind/39/name = &"RightHandMiddle3"
bind/39/bone = -1
bind/39/pose = Transform3D(8.40169e-06, -4.37114e-08, 1, -1, -6.98413e-09, 8.29669e-06, -1.86125e-12, -1, -1.77822e-07, 0.059252, -0.936292, 1.43446)
bind/40/name = &"RightHandMiddle4"
bind/40/bone = -1
bind/40/pose = Transform3D(1.01225e-07, 1.94707e-07, 1, -1, -6.9856e-09, -3.77986e-09, 1.70922e-15, -1, 6.05968e-08, 0.0592435, -0.973095, 1.43446)
bind/41/name = &"RightHandThumb1"
bind/41/bone = -1
bind/41/pose = Transform3D(0.499999, -2.98023e-07, 0.866026, -0.774598, -0.447211, 0.447213, 0.387297, -0.894428, -0.223606, 0.413143, 0.0440325, 1.55753)
bind/42/name = &"RightHandThumb2"
bind/42/bone = -1
bind/42/pose = Transform3D(0.500012, -1.19209e-06, 0.866019, -0.774592, -0.447211, 0.447224, 0.387293, -0.894428, -0.223612, 0.413155, -0.00341283, 1.55752)
bind/43/name = &"RightHandThumb3"
bind/43/bone = -1
bind/43/pose = Transform3D(0.499993, -2.08616e-06, 0.86603, -0.774601, -0.447214, 0.447206, 0.3873, -0.894427, -0.223605, 0.413139, -0.0472369, 1.55753)
bind/44/name = &"RightHandThumb4"
bind/44/bone = -1
bind/44/pose = Transform3D(-7.45059e-09, -3.88422e-07, 1, -1, 2.98023e-08, 7.4506e-09, -2.98023e-08, -1, -5.37434e-07, -0.0270736, -0.87318, 1.3565)
bind/45/name = &"RightHandIndex1"
bind/45/bone = -1
bind/45/pose = Transform3D(9.60978e-06, -4.37112e-08, 1, -1, -3.6476e-09, 9.50477e-06, -3.3385e-09, -1, -1.77822e-07, 0.0310317, -0.860466, 1.43214)
bind/46/name = &"RightHandIndex2"
bind/46/bone = -1
bind/46/pose = Transform3D(-2.56342e-06, -3.59786e-06, 1, -1, 3.4836e-06, -2.66841e-06, -3.49058e-06, -1, -3.73199e-06, 0.0310259, -0.899391, 1.43214)
bind/47/name = &"RightHandIndex3"
bind/47/bone = -1
bind/47/pose = Transform3D(-3.08628e-06, -3.98023e-06, 1, -1, 3.86597e-06, -3.19127e-06, -3.87294e-06, -1, -4.11435e-06, 0.0310259, -0.933543, 1.43214)
bind/48/name = &"RightHandIndex4"
bind/48/bone = -1
bind/48/pose = Transform3D(6.04542e-08, 7.94062e-06, 1, -1, -7.7529e-06, -4.44916e-08, 7.74592e-06, -1, 7.80651e-06, 0.0310119, -0.964306, 1.43215)
bind/49/name = &"RightHandRing1"
bind/49/bone = -1
bind/49/pose = Transform3D(9.52267e-06, -4.37112e-08, 1, -1, -6.85607e-09, 9.41766e-06, -1.30007e-10, -1, -1.77822e-07, 0.0814185, -0.859269, 1.43456)
bind/50/name = &"RightHandRing2"
bind/50/bone = -1
bind/50/pose = Transform3D(-6.533e-06, 3.56067e-06, 1, -1, -3.61139e-06, -6.63799e-06, 3.60439e-06, -1, 3.42659e-06, 0.081399, -0.895277, 1.43456)
bind/51/name = &"RightHandRing3"
bind/51/bone = -1
bind/51/pose = Transform3D(-9.69113e-12, -3.06228e-06, 1, -1, 3.25e-06, -1.05004e-07, -3.25698e-06, -1, -3.19639e-06, 0.0814146, -0.92836, 1.43455)
bind/52/name = &"RightHandRing4"
bind/52/bone = -1
bind/52/pose = Transform3D(4.07113e-07, 3.1497e-06, 1, -1, -3.26397e-06, 3.02118e-07, 3.25698e-06, -1, 3.01559e-06, 0.081406, -0.964952, 1.43456)
bind/53/name = &"RightHandPinky1"
bind/53/bone = -1
bind/53/pose = Transform3D(6.28276e-06, -1.07284e-07, 1, -1, -6.13895e-09, 6.17775e-06, -8.47394e-10, -1, -2.41395e-07, 0.106508, -0.846881, 1.43219)
bind/54/name = &"RightHandPinky2"
bind/54/bone = -1
bind/54/pose = Transform3D(-1.52179e-05, -1.07284e-07, 1, -1, -6.98838e-09, -1.53229e-05, 4.33871e-12, -1, -2.41395e-07, 0.106489, -0.88825, 1.43219)
bind/55/name = &"RightHandPinky3"
bind/55/bone = -1
bind/55/pose = Transform3D(6.62527e-06, -1.07284e-07, 1, -1, -6.9845e-09, 6.52026e-06, -1.88891e-12, -1, -2.41395e-07, 0.106509, -0.914196, 1.43219)
bind/56/name = &"RightHandPinky4"
bind/56/bone = -1
bind/56/pose = Transform3D(2.54818e-07, 1.94707e-07, 1, -1, -6.98563e-09, 1.49812e-07, 4.3027e-15, -1, 6.05968e-08, 0.106502, -0.943436, 1.43219)
bind/57/name = &"RightUpLeg"
bind/57/bone = -1
bind/57/pose = Transform3D(-0.999982, 0.00602717, -5.8506e-08, -0.00602669, -0.999902, -0.0126734, -7.63541e-05, -0.012673, 0.99992, -0.0968491, 0.92954, 0.00986436)
bind/58/name = &"RightLeg"
bind/58/bone = -1
bind/58/pose = Transform3D(-0.999983, -0.00581872, 5.2969e-09, 0.00581174, -0.998785, -0.0489378, 0.000284849, -0.0489369, 0.998802, -0.0906396, 0.523952, 0.0289042)
bind/59/name = &"RightFoot"
bind/59/bone = -1
bind/59/pose = Transform3D(-0.999367, 0.0355616, -1.93715e-07, -0.0227212, -0.638521, 0.769269, 0.0273563, 0.768783, 0.638925, -0.0948755, 0.0824889, -0.0620187)
bind/60/name = &"RightToeBase"
bind/60/bone = -1
bind/60/pose = Transform3D(-1, -5.58794e-08, -5.88411e-15, 8.56817e-08, -1.35103e-07, 1, -4.65661e-08, 1, 1.053e-07, -0.0949783, -0.102576, 0.00119835)
bind/61/name = &"RightToe_End"
bind/61/bone = -1
bind/61/pose = Transform3D(-1, -5.86449e-08, -5.68912e-15, 8.56817e-08, 4.07047e-08, 1, -4.93317e-08, 1, -7.0507e-08, -0.0949782, -0.202501, 0.00119838)
bind/62/name = &"LeftUpLeg"
bind/62/bone = -1
bind/62/pose = Transform3D(-0.999982, -0.00602718, 4.30424e-07, 0.00602668, -0.9999, -0.0127352, 7.71445e-05, -0.0127349, 0.999919, 0.0968491, 0.929539, 0.00992187)
bind/63/name = &"LeftLeg"
bind/63/bone = -1
bind/63/pose = Transform3D(-0.999983, 0.00581868, 1.98488e-07, -0.00581174, -0.998788, -0.0488763, -0.000284241, -0.0488754, 0.998805, 0.0906396, 0.523952, 0.028897)
bind/64/name = &"LeftFoot"
bind/64/bone = -1
bind/64/pose = Transform3D(-0.999367, -0.0355615, 1.91852e-07, 0.0227213, -0.638521, 0.769269, -0.0273563, 0.768782, 0.638925, 0.0948755, 0.0824875, -0.0620182)
bind/65/name = &"LeftToeBase"
bind/65/bone = -1
bind/65/pose = Transform3D(-1, -2.98023e-08, 3.96724e-15, -3.91155e-08, 1.92723e-07, 1, -3.72529e-08, 1, -1.33118e-07, 0.0949782, -0.102577, 0.00119968)
bind/66/name = &"LeftToe_End"
bind/66/bone = -1
bind/66/pose = Transform3D(-1, -2.60114e-08, 2.31885e-15, -3.91155e-08, 1.48752e-07, 1, -3.3462e-08, 1, -8.91473e-08, 0.0949782, -0.202502, 0.00119966)

[sub_resource type="AnimationLibrary" id="AnimationLibrary_5egkr"]
_data = {
"CrouchIdle": ExtResource("7_e4twx"),
"CrouchWalkingForward": ExtResource("8_y04sm"),
"Falling": ExtResource("9_el410"),
"FallingStart": ExtResource("10_ceyl8"),
"FallingToRoll": ExtResource("11_g0fkm"),
"HardFalling": ExtResource("12_feqar"),
"Idle": ExtResource("13_6mj36"),
"Idle1": ExtResource("14_8a0t0"),
"Idle2": ExtResource("15_h6xx4"),
"JogForward": ExtResource("16_1nyic"),
"Jogbackward": ExtResource("17_5glyf"),
"Kick": ExtResource("18_bjcll"),
"Run": ExtResource("19_q06n7"),
"RunToStop": ExtResource("20_fsxql"),
"TPose": ExtResource("21_wy311"),
"TurnLeft": ExtResource("22_j0xj5"),
"TurnRight": ExtResource("23_qis1m"),
"Walk": ExtResource("24_rjymo"),
"WalkingBackward": ExtResource("25_fd0ml")
}

[node name="Character" type="CharacterBody3D"]

[node name="GroundCheck" type="RayCast3D" parent="."]
transform = Transform3D(1, 0, 0, 0, 1, 0, 0, 0, 1, 0, 0.186, 0)
target_position = Vector3(0, -0.4, 0)
hit_from_inside = true

[node name="CharacterMovementComponent" type="Node" parent="." node_paths=PackedStringArray("mesh_ref", "anim_ref", "skeleton_ref", "collision_shape_ref", "camera_root", "character_node", "ground_check")]
script = ExtResource("1_ewnep")
mesh_ref = NodePath("../Armature")
anim_ref = NodePath("../AnimationTree")
skeleton_ref = NodePath("../Armature/Skeleton3D")
collision_shape_ref = NodePath("../CollisionShape3D")
camera_root = NodePath("../CameraComponent")
character_node = NodePath("..")
ground_check = NodePath("../GroundCheck")
deacceleration = 0.0
looking_direction_standing_data = ExtResource("2_c4o7m")
looking_direction_crouch_data = ExtResource("3_p3fng")
velocity_direction_standing_data = ExtResource("2_c4o7m")
velocity_direction_crouch_data = ExtResource("3_p3fng")
aim_standing_data = ExtResource("2_c4o7m")
aim_crouch_data = ExtResource("3_p3fng")

[node name="CameraComponent" type="Node" parent="." node_paths=PackedStringArray("SpringArm", "Camera", "PlayerRef", "first_person_camera_bone")]
script = ExtResource("2_d5854")
SpringArm = NodePath("../SpringArm3D")
Camera = NodePath("../SpringArm3D/Camera")
PlayerRef = NodePath("../CharacterMovementComponent")
first_person_camera_bone = NodePath("../Armature/Skeleton3D/BoneAttachment3D")

[node name="AnimationTree" parent="." node_paths=PackedStringArray("movement_script") instance=ExtResource("3_86f8p")]
tree_root = SubResource("AnimationNodeBlendTree_kgjnt")
anim_player = NodePath("../AnimationPlayer")
active = true
parameters/VelocityDirection/JogFB/current_state = "Forward"
parameters/VelocityDirection/JogFB/transition_request = ""
parameters/VelocityDirection/JogFB/current_index = 0
parameters/VelocityDirection/Standing/current_state = "Idle"
parameters/VelocityDirection/Standing/transition_request = ""
parameters/VelocityDirection/Standing/current_index = 0
parameters/VelocityDirection/StopSeek/seek_request = -1.0
parameters/VelocityDirection/WalkFB/current_state = "Forward"
parameters/VelocityDirection/WalkFB/transition_request = ""
parameters/VelocityDirection/WalkFB/current_index = 0
parameters/VelocityDirection/crouch/current_state = "stand"
parameters/VelocityDirection/crouch/transition_request = ""
parameters/VelocityDirection/crouch/current_index = 0
parameters/VelocityDirection/crouching/current_state = "Idle"
parameters/VelocityDirection/crouching/transition_request = ""
parameters/VelocityDirection/crouching/current_index = 0
movement_script = NodePath("../CharacterMovementComponent")

[node name="CollisionShape3D" type="CollisionShape3D" parent="."]
transform = Transform3D(1, 0, 0, 0, 1, 0, 0, 0, 1, 0, 1, 0)
shape = SubResource("CapsuleShape3D_70w0s")

[node name="Armature" type="Node3D" parent="."]

[node name="Skeleton3D" type="Skeleton3D" parent="Armature"]
bones/0/name = "Hips"
bones/0/parent = -1
bones/0/rest = Transform3D(0.544576, -0.0348814, -0.837986, 0.0102475, 0.999337, -0.0349382, 0.838649, 0.0104393, 0.544573, -0.000172998, 0.901879, -0.00179914)
bones/0/enabled = true
bones/0/position = Vector3(0.00374127, 0.929964, -0.00407818)
bones/0/rotation = Quaternion(-0.038068, -0.369265, -0.014527, 0.928431)
bones/0/scale = Vector3(1, 1, 1)
bones/1/name = "Spine"
bones/1/parent = 0
bones/1/rest = Transform3D(0.99963, -0.0129189, 0.0239171, 0.01122, 0.997494, 0.0698543, -0.0247596, -0.0695601, 0.99727, 4.88944e-09, 0.0992349, -0.0122733)
bones/1/enabled = true
bones/1/position = Vector3(4.88944e-09, 0.0992349, -0.0122733)
bones/1/rotation = Quaternion(-0.0123101, 0.0401757, -0.0058774, 0.9991)
bones/1/scale = Vector3(1, 1, 1)
bones/2/name = "Spine1"
bones/2/parent = 1
bones/2/rest = Transform3D(0.99985, -0.015446, 0.00786788, 0.0155655, 0.999761, -0.0153596, -0.00762876, 0.0154798, 0.999851, -2.79397e-09, 0.11732, 1.86265e-09)
bones/2/enabled = true
bones/2/position = Vector3(-2.79397e-09, 0.11732, 1.86265e-09)
bones/2/rotation = Quaternion(0.096829, 0.0815689, -0.00820732, 0.991919)
bones/2/scale = Vector3(1, 1, 1)
bones/3/name = "Spine2"
bones/3/parent = 2
bones/3/rest = Transform3D(0.999844, -0.014346, 0.0103258, 0.0156141, 0.990645, -0.135571, -0.00828427, 0.135711, 0.990714, -2.79397e-09, 0.134588, -2.51457e-08)
bones/3/enabled = true
bones/3/position = Vector3(-2.79397e-09, 0.134588, -2.51457e-08)
bones/3/rotation = Quaternion(0.156499, 0.0809173, -0.0131339, 0.98427)
bones/3/scale = Vector3(1, 1, 1)
bones/4/name = "Neck"
bones/4/parent = 3
bones/4/rest = Transform3D(0.968778, 0.12654, 0.213204, -0.00181599, 0.863542, -0.504273, -0.247921, 0.488142, 0.836811, 2.48197e-07, 0.150325, 0.00792907)
bones/4/enabled = true
bones/4/position = Vector3(2.48197e-07, 0.150325, 0.00792907)
bones/4/rotation = Quaternion(0.121227, -0.01091, 0.00183015, 0.992563)
bones/4/scale = Vector3(1, 1, 1)
bones/5/name = "Head"
bones/5/parent = 4
bones/5/rest = Transform3D(0.840773, 0.330252, 0.428993, -0.33245, 0.940342, -0.0723432, -0.427291, -0.0817944, 0.900406, 5.58794e-09, 0.107895, 5.21541e-08)
bones/5/enabled = true
bones/5/position = Vector3(5.58794e-09, 0.107895, 5.21541e-08)
bones/5/rotation = Quaternion(-0.0391854, 0.163647, -0.0631138, 0.983718)
bones/5/scale = Vector3(1, 1, 1)
bones/6/name = "HeadTop_End"
bones/6/parent = 5
bones/6/rest = Transform3D(1, -7.8532e-06, -1.37155e-06, 7.85449e-06, 0.941122, 0.338066, -1.3641e-06, -0.338066, 0.941122, 5.58794e-09, 0.196305, 4.70318e-08)
bones/6/enabled = true
bones/6/position = Vector3(5.58794e-09, 0.196305, 4.70318e-08)
bones/6/rotation = Quaternion(-0.171578, -1.89065e-09, 3.98603e-06, 0.985171)
bones/6/scale = Vector3(1, 1, 1)
bones/7/name = "LeftEye"
bones/7/parent = 5
bones/7/rest = Transform3D(1, -7.85437e-06, -1.37032e-06, 7.85518e-06, 0.941122, 0.338066, -1.36566e-06, -0.338067, 0.941122, 0.0294784, 0.103129, 0.0598679)
bones/7/enabled = true
bones/7/position = Vector3(0.0294784, 0.103129, 0.0598679)
bones/7/rotation = Quaternion(-0.171578, -1.18171e-09, 3.9865e-06, 0.985171)
bones/7/scale = Vector3(1, 1, 1)
bones/8/name = "RightEye"
bones/8/parent = 5
bones/8/rest = Transform3D(1, -7.85174e-06, -1.3689e-06, 7.85222e-06, 0.941122, 0.338066, -1.36611e-06, -0.338066, 0.941122, -0.0294455, 0.103128, 0.0598657)
bones/8/enabled = true
bones/8/position = Vector3(-0.0294455, 0.103128, 0.0598657)
bones/8/rotation = Quaternion(-0.171578, -7.08977e-10, 3.98509e-06, 0.985171)
bones/8/scale = Vector3(1, 1, 1)
bones/9/name = "LeftShoulder"
bones/9/parent = 3
bones/9/rest = Transform3D(-0.250988, 0.959361, -0.128958, 0.025503, -0.126623, -0.991623, -0.967654, -0.252174, 0.0073142, 0.0610582, 0.0911044, 0.00705553)
bones/9/enabled = true
bones/9/position = Vector3(0.0610582, 0.0911044, 0.00705553)
bones/9/rotation = Quaternion(-0.487853, -0.522556, 0.570811, -0.403868)
bones/9/scale = Vector3(1, 1, 1)
bones/10/name = "LeftArm"
bones/10/parent = 9
bones/10/rest = Transform3D(0.845869, -0.51692, -0.131522, 0.093338, 0.386222, -0.917671, 0.52516, 0.763954, 0.374941, 7.45058e-09, 0.129223, 3.95812e-08)
bones/10/enabled = true
bones/10/position = Vector3(7.45058e-09, 0.129223, 3.95812e-08)
bones/10/rotation = Quaternion(0.526024, -0.0799919, 0.142304, 0.834656)
bones/10/scale = Vector3(1, 1, 1)
bones/11/name = "LeftForeArm"
bones/11/parent = 10
bones/11/rest = Transform3D(0.138967, -0.989426, 0.0415226, 0.989436, 0.140472, 0.0358277, -0.0412816, 0.0361051, 0.998495, -4.47035e-08, 0.274229, -7.45058e-09)
bones/11/enabled = true
bones/11/position = Vector3(-4.47035e-08, 0.274229, -7.45058e-09)
bones/11/rotation = Quaternion(-0.0106121, 0.0947443, 0.44665, 0.889615)
bones/11/scale = Vector3(1, 1, 1)
bones/12/name = "LeftHand"
bones/12/parent = 11
bones/12/rest = Transform3D(0.746359, -0.304314, 0.591895, 0.184003, 0.949028, 0.255908, -0.639601, -0.0820888, 0.764311, 6.0536e-09, 0.276326, -1.49012e-08)
bones/12/enabled = true
bones/12/position = Vector3(6.0536e-09, 0.276326, -1.49012e-08)
bones/12/rotation = Quaternion(-0.155711, 0.123886, -0.00636557, 0.979983)
bones/12/scale = Vector3(1, 1, 1)
bones/13/name = "LeftHandMiddle1"
bones/13/parent = 12
bones/13/rest = Transform3D(0.98654, 0.118644, -0.112532, -0.118809, 0.0472127, -0.991794, -0.112357, 0.991814, 0.0606732, -3.12924e-07, 0.127755, -7.63685e-08)
bones/13/enabled = true
bones/13/position = Vector3(-3.12924e-07, 0.127755, -7.63685e-08)
bones/13/rotation = Quaternion(0.131637, 0.00426737, -0.0771672, 0.988281)
bones/13/scale = Vector3(1, 1, 1)
bones/14/name = "LeftHandMiddle2"
bones/14/parent = 13
bones/14/rest = Transform3D(0.980685, 0.110739, -0.161229, -0.112737, -0.353585, -0.928584, -0.159838, 0.928824, -0.334271, -7.45058e-09, 0.0361397, -5.21541e-08)
bones/14/enabled = true
bones/14/position = Vector3(-7.45058e-09, 0.0361397, -5.21541e-08)
bones/14/rotation = Quaternion(0.226732, -0.00155941, 0.018469, 0.973781)
bones/14/scale = Vector3(1, 1, 1)
bones/15/name = "LeftHandMiddle3"
bones/15/parent = 14
bones/15/rest = Transform3D(0.981085, 0.112002, -0.157883, -0.108383, -0.357956, -0.927427, -0.160389, 0.926997, -0.339046, 0, 0.0345975, 7.07805e-08)
bones/15/enabled = true
bones/15/position = Vector3(0, 0.0345975, 7.07805e-08)
bones/15/rotation = Quaternion(5.537e-09, -1.56462e-07, 7.97777e-06, 1)
bones/15/scale = Vector3(1, 1, 1)
bones/16/name = "LeftHandMiddle4"
bones/16/parent = 15
bones/16/rest = Transform3D(1, 8.48992e-06, 6.48506e-06, -8.48996e-06, 1, 6.47546e-06, -6.48501e-06, -6.47551e-06, 1, 5.58794e-08, 0.036802, 2.42144e-08)
bones/16/enabled = true
bones/16/position = Vector3(5.58794e-08, 0.036802, 2.42144e-08)
bones/16/rotation = Quaternion(-3.23774e-06, 3.24252e-06, -4.24497e-06, 1)
bones/16/scale = Vector3(1, 1, 1)
bones/17/name = "LeftHandThumb1"
bones/17/parent = 12
bones/17/rest = Transform3D(0.922249, -0.296379, 0.248225, 0.374682, 0.843413, -0.385056, -0.0952333, 0.448123, 0.888885, -0.0300309, 0.0378879, 0.0216701)
bones/17/enabled = true
bones/17/position = Vector3(-0.0300309, 0.0378879, 0.0216701)
bones/17/rotation = Quaternion(0.287513, 0.115821, 0.180446, 0.933467)
bones/17/scale = Vector3(1, 1, 1)
bones/18/name = "LeftHandThumb2"
bones/18/parent = 17
bones/18/rest = Transform3D(0.793061, 0.491162, -0.360297, -0.562049, 0.818065, -0.121947, 0.234851, 0.299216, 0.924832, 1.19209e-07, 0.0474499, -2.44938e-07)
bones/18/enabled = true
bones/18/position = Vector3(1.19209e-07, 0.0474499, -2.44938e-07)
bones/18/rotation = Quaternion(-0.0070059, 0.00100292, -0.000638064, 0.999975)
bones/18/scale = Vector3(1, 1, 1)
bones/19/name = "LeftHandThumb3"
bones/19/parent = 18
bones/19/rest = Transform3D(0.347552, 0.931585, -0.106567, -0.924718, 0.359352, 0.12555, 0.155256, 0.0549092, 0.986347, -1.11759e-07, 0.0438214, 3.72529e-08)
bones/19/enabled = true
bones/19/position = Vector3(-1.11759e-07, 0.0438214, 3.72529e-08)
bones/19/rotation = Quaternion(-6.10948e-07, -5.22193e-06, -9.81533e-06, 1)
bones/19/scale = Vector3(1, 1, 1)
bones/20/name = "LeftHandThumb4"
bones/20/parent = 19
bones/20/rest = Transform3D(0.866029, 0.499993, -2.5481e-06, -0.447206, 0.774601, 0.447212, 0.223605, -0.387298, 0.894428, 2.98023e-08, 0.0345906, -2.5332e-07)
bones/20/enabled = true
bones/20/position = Vector3(2.98023e-08, 0.0345906, -2.5332e-07)
bones/20/rotation = Quaternion(-0.221924, -0.0594645, -0.251891, 0.940088)
bones/20/scale = Vector3(1, 1, 1)
bones/21/name = "LeftHandIndex1"
bones/21/parent = 12
bones/21/rest = Transform3D(0.983723, 0.142189, -0.109869, -0.119058, 0.0577917, -0.991204, -0.134589, 0.988151, 0.0737798, -0.0282207, 0.122666, 0.00231682)
bones/21/enabled = true
bones/21/position = Vector3(-0.0282207, 0.122666, 0.00231682)
bones/21/rotation = Quaternion(0.042834, -0.00652538, 0.0610182, 0.997196)
bones/21/scale = Vector3(1, 1, 1)
bones/22/name = "LeftHandIndex2"
bones/22/parent = 21
bones/22/rest = Transform3D(0.978949, 0.10384, -0.175717, -0.111366, -0.44972, -0.8862, -0.171047, 0.887113, -0.428688, 1.11759e-07, 0.0389198, -5.96046e-08)
bones/22/enabled = true
bones/22/position = Vector3(1.11759e-07, 0.0389198, -5.96046e-08)
bones/22/rotation = Quaternion(0.14849, -0.000887811, -0.00617212, 0.988894)
bones/22/scale = Vector3(1, 1, 1)
bones/23/name = "LeftHandIndex3"
bones/23/parent = 22
bones/23/rest = Transform3D(0.981451, 0.113056, -0.15483, -0.109059, -0.334958, -0.9359, -0.15767, 0.935426, -0.316415, 3.72529e-08, 0.0341517, -1.11759e-08)
bones/23/enabled = true
bones/23/position = Vector3(3.72529e-08, 0.0341517, -1.11759e-08)
bones/23/rotation = Quaternion(1.89462e-06, -1.9595e-06, -1.62399e-07, 1)
bones/23/scale = Vector3(1, 1, 1)
bones/24/name = "LeftHandIndex4"
bones/24/parent = 23
bones/24/rest = Transform3D(1, -3.22937e-06, 3.63867e-06, 3.22935e-06, 1, 3.88362e-06, -3.63868e-06, -3.88361e-06, 1, 1.49012e-08, 0.03078, 1.49012e-08)
bones/24/enabled = true
bones/24/position = Vector3(1.49012e-08, 0.03078, 1.49012e-08)
bones/24/rotation = Quaternion(-1.94181e-06, 1.81934e-06, 1.61468e-06, 1)
bones/24/scale = Vector3(1, 1, 1)
bones/25/name = "LeftHandRing1"
bones/25/parent = 12
bones/25/rest = Transform3D(0.991492, 0.0540781, -0.118406, -0.118263, -0.00584495, -0.992965, -0.0543897, 0.99852, 0.000600219, 0.0221662, 0.12147, -9.90927e-05)
bones/25/enabled = true
bones/25/position = Vector3(0.0221662, 0.12147, -9.90927e-05)
bones/25/rotation = Quaternion(0.272365, -0.0166768, -0.122176, 0.95426)
bones/25/scale = Vector3(1, 1, 1)
bones/26/name = "LeftHandRing2"
bones/26/parent = 25
bones/26/rest = Transform3D(0.981497, 0.113181, -0.154445, -0.116659, -0.286137, -0.951061, -0.151835, 0.951481, -0.267639, -3.72529e-08, 0.036012, -1.11759e-07)
bones/26/enabled = true
bones/26/position = Vector3(-3.72529e-08, 0.036012, -1.11759e-07)
bones/26/rotation = Quaternion(0.282404, 0.00172537, 0.0247832, 0.958974)
bones/26/scale = Vector3(1, 1, 1)
bones/27/name = "LeftHandRing3"
bones/27/parent = 26
bones/27/rest = Transform3D(0.98241, 0.115381, -0.146824, -0.113355, -0.256342, -0.959916, -0.148393, 0.959675, -0.238754, -4.09782e-08, 0.0330728, 0)
bones/27/enabled = true
bones/27/position = Vector3(-4.09782e-08, 0.0330728, 0)
bones/27/rotation = Quaternion(-1.6953e-08, -1.04308e-07, 3.06626e-06, 1)
bones/27/scale = Vector3(1, 1, 1)
bones/28/name = "LeftHandRing4"
bones/28/parent = 27
bones/28/rest = Transform3D(1, -8.15839e-07, -1.30385e-08, 8.15839e-07, 1, 1.11759e-08, 1.30385e-08, -1.11759e-08, 1, 4.09782e-08, 0.0366011, 7.45058e-09)
bones/28/enabled = true
bones/28/position = Vector3(4.09782e-08, 0.0366011, 7.45058e-09)
bones/28/rotation = Quaternion(-5.58794e-09, -6.51926e-09, 4.07919e-07, 1)
bones/28/scale = Vector3(1, 1, 1)
bones/29/name = "LeftHandPinky1"
bones/29/parent = 12
